  double point
     kpkpx_tc2     2.420000000000000         1.000000         0.000000    
     kpkpx_tc3     2.420000000000000         1.000000         0.000000    
     kpkpx_tc4     2.420000000000000         1.000000         0.000000    
     kpkpx_tc7     2.420000000000000         1.000000         0.000000    
     kpkpx_tc8     2.420000000000000         1.000000         0.000000    
     kpkpx_tc9     2.420000000000000         1.000000         0.000000    
    kpkpx_tc10     2.420000000000000         1.000000         0.000000    
    kpkpx_tc11     2.420000000000000         1.000000         0.000000    
    kpkpx_tc12     2.420000000000000         1.000000         0.000000    
    kpkpx_tc13     2.420000000000000         1.000000         0.000000    
    kpkpx_tc14     2.420000000000000         1.000000         0.000000    
    kpkpx_tc15     2.420000000000000         1.000000         0.000000    
    kpkpx_tc16     2.420000000000000         1.000000         0.000000    
    kpkpx_tc17     2.420000000000000         1.000000         0.000000    
    kpkpx_tc18     2.420000000000000         1.000000         0.000000    
    kpkpx_tc19     2.420000000000000         1.000000         0.000000    
    kpkpx_tc20     2.420000000000000         1.000000         0.000000    
    kpkpx_tc21     2.420000000000000         1.000000         0.000000    
    kpkpx_tc22     2.420000000000000         1.000000         0.000000    
    kpkpx_tc23     2.420000000000000         1.000000         0.000000    
    kpkpx_tc24     2.420000000000000         1.000000         0.000000    
    kpkpx_tc25     2.420000000000000         1.000000         0.000000    
    kpkpx_tc27     2.420000000000000         1.000000         0.000000    
    kpkpx_tc28     2.420000000000000         1.000000         0.000000    
    kpkpx_tc29     2.420000000000000         1.000000         0.000000    
    kpkpx_tc30     2.420000000000000         1.000000         0.000000    
    kpkpx_tc31     2.420000000000000         1.000000         0.000000    
    kpkpx_tc32     2.420000000000000         1.000000         0.000000    
    kpkpx_tc33     2.420000000000000         1.000000         0.000000    
    kpkpx_tc34     2.420000000000000         1.000000         0.000000    
    kpkpx_tc35     2.420000000000000         1.000000         0.000000    
    kpkpx_tc36     2.420000000000000         1.000000         0.000000    
    kpkpx_tc37     2.420000000000000         1.000000         0.000000    
    kpkpx_tc38     2.420000000000000         1.000000         0.000000    
    kpkpx_tc39     2.420000000000000         1.000000         0.000000    
    kpkpx_tc40     2.420000000000000         1.000000         0.000000    
    kpkpx_tc41     2.420000000000000         1.000000         0.000000    
    kpkpx_tc42     2.420000000000000         1.000000         0.000000    
    kpkpx_tc43     2.420000000000000         1.000000         0.000000    
    kpkpx_tc44     2.420000000000000         1.000000         0.000000    
    kpkpx_tc45     2.420000000000000         1.000000         0.000000    
    kpkpx_tc46     2.420000000000000         1.000000         0.000000    
    kpkpx_tc47     2.420000000000000         1.000000         0.000000    
    kpkpx_tc48     2.420000000000000         1.000000         0.000000    
    kpkpx_tc49     2.420000000000000         1.000000         0.000000    
    kpkpx_tc50     2.420000000000000         1.000000         0.000000    
    kpkpx_tc52     2.420000000000000         1.000000         0.000000    
    kpkpx_tc53     2.420000000000000         1.000000         0.000000    
    kpkpx_tc54     2.420000000000000         1.000000         0.000000    
    kpkpx_tc55     2.420000000000000         1.000000         0.000000    
    kpkpx_tc56     2.420000000000000         1.000000         0.000000    
    kpkpx_tc57     2.420000000000000         1.000000         0.000000    
    kpkpx_tc58     2.420000000000000         1.000000         0.000000    
    kpkpx_tc59     2.420000000000000         1.000000         0.000000    
     kpkpx_ec1     6.680000000000000         1.000000         0.000000    
     kpkpx_ec2     6.680000000000000         1.000000         0.000000    
     kpkpx_ec4     6.680000000000000         1.000000         0.000000    
     kpkpx_ec5     6.680000000000000         1.000000         0.000000    
     kpkpx_ec7     6.680000000000000         1.000000         0.000000    
     kpkpx_ec8     6.680000000000000         1.000000         0.000000    
     kpkpx_ec9     6.680000000000000         1.000000         0.000000    
    kpkpx_ec10     6.680000000000000         1.000000         0.000000    
    kpkpx_ec11     6.680000000000000         1.000000         0.000000    
    kpkpx_ec13     6.680000000000000         1.000000         0.000000    
    kpkpx_ec14     6.680000000000000         1.000000         0.000000    
    kpkpx_ec15     6.680000000000000         1.000000         0.000000    
    kpkpx_ec16     6.680000000000000         1.000000         0.000000    
    kpkpx_ec17     6.680000000000000         1.000000         0.000000    
    kpkpx_ec18     6.680000000000000         1.000000         0.000000    
     kpkpx_ww1     4.800000000000000         1.000000         0.000000    
     kpkpx_ww2     4.800000000000000         1.000000         0.000000    
     kpkpx_ww3     4.800000000000000         1.000000         0.000000    
     kpkpx_ww4     4.800000000000000         1.000000         0.000000    
     kpkpx_ww5     4.800000000000000         1.000000         0.000000    
     kpkpx_ww6     4.800000000000000         1.000000         0.000000    
     kpkpx_ww7     4.800000000000000         1.000000         0.000000    
     kpkpx_ww8     4.800000000000000         1.000000         0.000000    
     kpkpx_ww9     4.800000000000000         1.000000         0.000000    
    kpkpx_ww10     4.800000000000000         1.000000         0.000000    
    kpkpx_ww11     4.800000000000000         1.000000         0.000000    
    kpkpx_ww12     4.800000000000000         1.000000         0.000000    
    kpkpx_ww13     4.800000000000000         1.000000         0.000000    
    kpkpx_ww14     4.800000000000000         1.000000         0.000000    
    kpkpx_ww15     4.800000000000000         1.000000         0.000000    
    kpkpx_ww16     4.800000000000000         1.000000         0.000000    
    kpkpx_ww17     4.800000000000000         1.000000         0.000000    
    kpkpx_ww18     4.800000000000000         1.000000         0.000000    
    kpkpx_ww19     4.800000000000000         1.000000         0.000000    
    kpkpx_ww20     4.800000000000000         1.000000         0.000000    
    kpkpx_ww21     4.800000000000000         1.000000         0.000000    
    kpkpx_ww22     4.800000000000000         1.000000         0.000000    
    kpkpx_ww23     4.800000000000000         1.000000         0.000000    
    kpkpx_ww24     4.800000000000000         1.000000         0.000000    
    kpkpx_ww25     4.800000000000000         1.000000         0.000000    
    kpkpx_ww26     4.800000000000000         1.000000         0.000000    
    kpkpx_ww27     4.800000000000000         1.000000         0.000000    
    kpkpx_ww28     4.800000000000000         1.000000         0.000000    
    kpkpx_ww29     4.800000000000000         1.000000         0.000000    
    kpkpx_ww30     4.800000000000000         1.000000         0.000000    
    kpkpx_ww31     4.800000000000000         1.000000         0.000000    
    kpkpx_ww32     4.800000000000000         1.000000         0.000000    
    kpkpx_ww33     4.800000000000000         1.000000         0.000000    
    kpkpx_ww34     4.800000000000000         1.000000         0.000000    
    kpkpx_ww35     4.800000000000000         1.000000         0.000000    
    kpkpx_ww36     4.800000000000000         1.000000         0.000000    
    kpkpx_ww37     4.800000000000000         1.000000         0.000000    
    kpkpx_ww38     4.800000000000000         1.000000         0.000000    
    kpkpx_ww39     4.800000000000000         1.000000         0.000000    
    kpkpx_ww40     4.800000000000000         1.000000         0.000000    
    kpkpx_ww41     4.800000000000000         1.000000         0.000000    
    kpkpx_ww42     4.800000000000000         1.000000         0.000000    
    kpkpx_ww43     4.800000000000000         1.000000         0.000000    
    kpkpx_ww44     4.800000000000000         1.000000         0.000000    
    kpkpx_ww45     4.800000000000000         1.000000         0.000000    
    kpkpx_ww46     4.800000000000000         1.000000         0.000000    
    kpkpx_ww47     4.800000000000000         1.000000         0.000000    
    kpkpx_ww48     4.800000000000000         1.000000         0.000000    
    kpkpx_ww49     4.800000000000000         1.000000         0.000000    
    kpkpx_ww50     4.800000000000000         1.000000         0.000000    
    kpkpx_ww51     4.800000000000000         1.000000         0.000000    
    kpkpx_ww52     4.800000000000000         1.000000         0.000000    
    kpkpx_ww53     4.800000000000000         1.000000         0.000000    
    kpkpx_ww54     4.800000000000000         1.000000         0.000000    
    kpkpx_ww55     4.800000000000000         1.000000         0.000000    
    kpkpx_ww56     4.800000000000000         1.000000         0.000000    
    kpkpx_ww57     4.800000000000000         1.000000         0.000000    
    kpkpx_ww58     4.800000000000000         1.000000         0.000000    
    kpkpx_ww59     4.800000000000000         1.000000         0.000000    
    kpkpx_ww60     4.800000000000000         1.000000         0.000000    
    kpkpx_ww61     4.800000000000000         1.000000         0.000000    
    kpkpx_ww62     4.800000000000000         1.000000         0.000000    
    kpkpx_ww63     4.800000000000000         1.000000         0.000000    
    kpkpx_ww64     4.800000000000000         1.000000         0.000000    
    kpkpx_ww65     4.800000000000000         1.000000         0.000000    
    kpkpx_ww66     4.800000000000000         1.000000         0.000000    
    kpkpx_ww67     4.800000000000000         1.000000         0.000000    
    kpkpx_ww68     4.800000000000000         1.000000         0.000000    
    kpkpx_ww69     4.800000000000000         1.000000         0.000000    
    kpkpx_ww70     4.800000000000000         1.000000         0.000000    
    kpkpx_ww71     4.800000000000000         1.000000         0.000000    
    kpkpx_ww72     4.800000000000000         1.000000         0.000000    
    kpkpx_ww73     4.800000000000000         1.000000         0.000000    
    kpkpx_ww74     4.800000000000000         1.000000         0.000000    
    kpkpx_ww75     4.800000000000000         1.000000         0.000000    
    kpkpx_ww76     4.800000000000000         1.000000         0.000000    
    kpkpx_ww77     4.800000000000000         1.000000         0.000000    
    kpkpx_ww78     4.800000000000000         1.000000         0.000000    
    kpkpx_ww79     4.800000000000000         1.000000         0.000000    
    kpkpx_ww80     4.800000000000000         1.000000         0.000000    
    kpkpx_ww81     4.800000000000000         1.000000         0.000000    
    kpkpx_ww82     4.800000000000000         1.000000         0.000000    
    kpkpx_ww83     4.800000000000000         1.000000         0.000000    
    kpkpx_ww84     4.800000000000000         1.000000         0.000000    
    kpkpx_ww85     4.800000000000000         1.000000         0.000000    
    kpkpx_ww86     4.800000000000000         1.000000         0.000000    
    kpkpx_ww87     4.800000000000000         1.000000         0.000000    
    kpkpx_ww88     4.800000000000000         1.000000         0.000000    
    kpkpx_ww89     4.800000000000000         1.000000         0.000000    
    kpkpx_ww90     4.800000000000000         1.000000         0.000000    
    kpkpx_ww91     4.800000000000000         1.000000         0.000000    
    kpkpx_ww92     4.800000000000000         1.000000         0.000000    
    kpkpx_ww93     4.800000000000000         1.000000         0.000000    
    kpkpx_ww94     4.800000000000000         1.000000         0.000000    
    kpkpx_ww95     4.800000000000000         1.000000         0.000000    
    kpkpx_ww96     4.800000000000000         1.000000         0.000000    
    kpkpx_ww97     4.800000000000000         1.000000         0.000000    
    kpkpx_ww98     4.800000000000000         1.000000         0.000000    
    kpkpx_ww99     4.800000000000000         1.000000         0.000000    
     kpkpx_ms1     5.680000000000000         1.000000         0.000000    
     kpkpx_ms2     5.680000000000000         1.000000         0.000000    
     kpkpx_ms3     5.680000000000000         1.000000         0.000000    
     kpkpx_ms4     5.680000000000000         1.000000         0.000000    
     kpkpx_ms5     5.680000000000000         1.000000         0.000000    
     kpkpx_ms6     5.680000000000000         1.000000         0.000000    
     kpkpx_ms7     5.680000000000000         1.000000         0.000000    
     kpkpx_ms8     5.680000000000000         1.000000         0.000000    
     kpkpx_ms9     5.680000000000000         1.000000         0.000000    
    kpkpx_ms10     5.680000000000000         1.000000         0.000000    
    kpkpx_ms11     5.680000000000000         1.000000         0.000000    
    kpkpx_ms12     5.680000000000000         1.000000         0.000000    
    kpkpx_ms13     5.680000000000000         1.000000         0.000000    
    kpkpx_ms14     5.680000000000000         1.000000         0.000000    
    kpkpx_ms15     5.680000000000000         1.000000         0.000000    
    kpkpx_ms16     5.680000000000000         1.000000         0.000000    
    kpkpx_ms17     5.680000000000000         1.000000         0.000000    
    kpkpx_ms18     5.680000000000000         1.000000         0.000000    
    kpkpx_ms19     5.680000000000000         1.000000         0.000000    
    kpkpx_ms20     5.680000000000000         1.000000         0.000000    
    kpkpx_ms21     5.680000000000000         1.000000         0.000000    
    kpkpx_ms22     5.680000000000000         1.000000         0.000000    
    kpkpx_ms23     5.680000000000000         1.000000         0.000000    
    kpkpx_ms24     5.680000000000000         1.000000         0.000000    
    kpkpx_ms25     5.680000000000000         1.000000         0.000000    
    kpkpx_ms26     5.680000000000000         1.000000         0.000000    
    kpkpx_ms27     5.680000000000000         1.000000         0.000000    
    kpkpx_ms28     5.680000000000000         1.000000         0.000000    
    kpkpx_ms29     5.680000000000000         1.000000         0.000000    
    kpkpx_ms30     5.680000000000000         1.000000         0.000000    
    kpkpx_ms31     5.680000000000000         1.000000         0.000000    
    kpkpx_ms32     5.680000000000000         1.000000         0.000000    
    kpkpx_ms33     5.680000000000000         1.000000         0.000000    
    kpkpx_ms34     5.680000000000000         1.000000         0.000000    
    kpkpx_ms35     5.680000000000000         1.000000         0.000000    
    kpkpx_ms36     5.680000000000000         1.000000         0.000000    
    kpkpx_ms37     5.680000000000000         1.000000         0.000000    
    kpkpx_ms38     5.680000000000000         1.000000         0.000000    
    kpkpx_ms39     5.680000000000000         1.000000         0.000000    
    kpkpx_ms40     5.680000000000000         1.000000         0.000000    
    kpkpx_ms41     5.680000000000000         1.000000         0.000000    
    kpkpx_ms42     5.680000000000000         1.000000         0.000000    
    kpkpx_ms43     5.680000000000000         1.000000         0.000000    
    kpkpx_ms44     5.680000000000000         1.000000         0.000000    
    kpkpx_ms45     5.680000000000000         1.000000         0.000000    
    kpkpx_ms46     5.680000000000000         1.000000         0.000000    
    kpkpx_ms47     5.680000000000000         1.000000         0.000000    
    kpkpx_ms48     5.680000000000000         1.000000         0.000000    
    kpkpx_ms49     5.680000000000000         1.000000         0.000000    
    kpkpx_ms50     5.680000000000000         1.000000         0.000000    
    kpkpx_ms51     5.680000000000000         1.000000         0.000000    
    kpkpx_ms52     5.680000000000000         1.000000         0.000000    
    kpkpx_ms53     5.680000000000000         1.000000         0.000000    
    kpkpx_ms54     5.680000000000000         1.000000         0.000000    
    kpkpx_ms55     5.680000000000000         1.000000         0.000000    
    kpkpx_ms56     5.680000000000000         1.000000         0.000000    
    kpkpx_ms57     5.680000000000000         1.000000         0.000000    
    kpkpx_ms58     5.680000000000000         1.000000         0.000000    
    kpkpx_ms59     5.680000000000000         1.000000         0.000000    
    kpkpx_ms60     5.680000000000000         1.000000         0.000000    
    kpkpx_ms61     5.680000000000000         1.000000         0.000000    
    kpkpx_ms62     5.680000000000000         1.000000         0.000000    
    kpkpx_ms63     5.680000000000000         1.000000         0.000000    
    kpkpx_ms64     5.680000000000000         1.000000         0.000000    
    kpkpx_ms65     5.680000000000000         1.000000         0.000000    
    kpkpx_ms66     5.680000000000000         1.000000         0.000000    
    kpkpx_ms67     5.680000000000000         1.000000         0.000000    
    kpkpx_ms68     5.680000000000000         1.000000         0.000000    
    kpkpx_ms69     5.680000000000000         1.000000         0.000000    
    kpkpx_ms70     5.680000000000000         1.000000         0.000000    
    kpkpx_ms71     5.680000000000000         1.000000         0.000000    
    kpkpx_ms72     5.680000000000000         1.000000         0.000000    
    kpkpx_ms73     5.680000000000000         1.000000         0.000000    
    kpkpx_ms74     5.680000000000000         1.000000         0.000000    
    kpkpx_ms75     5.680000000000000         1.000000         0.000000    
    kpkpx_ms76     5.680000000000000         1.000000         0.000000    
    kpkpx_ms77     5.680000000000000         1.000000         0.000000    
    kpkpx_ms78     5.680000000000000         1.000000         0.000000    
    kpkpx_ms79     5.680000000000000         1.000000         0.000000    
    kpkpx_ms80     5.680000000000000         1.000000         0.000000    
    kpkpx_ms81     5.680000000000000         1.000000         0.000000    
    kpkpx_ms82     5.680000000000000         1.000000         0.000000    
    kpkpx_ms83     5.680000000000000         1.000000         0.000000    
    kpkpx_ms84     5.680000000000000         1.000000         0.000000    
    kpkpx_ms85     5.680000000000000         1.000000         0.000000    
    kpkpx_ms86     5.680000000000000         1.000000         0.000000    
    kpkpx_ms87     5.680000000000000         1.000000         0.000000    
    kpkpx_ms88     5.680000000000000         1.000000         0.000000    
    kpkpx_ms89     5.680000000000000         1.000000         0.000000    
    kpkpx_ms90     5.680000000000000         1.000000         0.000000    
    kpkpx_ms91     5.680000000000000         1.000000         0.000000    
    kpkpx_ms92     5.680000000000000         1.000000         0.000000    
    kpkpx_ms93     5.680000000000000         1.000000         0.000000    
    kpkpx_ms94     5.680000000000000         1.000000         0.000000    
    kpkpx_ms95     5.680000000000000         1.000000         0.000000    
    kpkpx_ms96     5.680000000000000         1.000000         0.000000    
    kpkpx_ms97     5.680000000000000         1.000000         0.000000    
    kpkpx_ms98     5.680000000000000         1.000000         0.000000    
    kpkpx_ms99     5.680000000000000         1.000000         0.000000    
     kzkpz_tc2    5.0000000000000003E-02     1.000000         0.000000    
     kzkpz_tc3    5.0000000000000003E-02     1.000000         0.000000    
     kzkpz_tc4    5.0000000000000003E-02     1.000000         0.000000    
     kzkpz_tc7    5.0000000000000003E-02     1.000000         0.000000    
     kzkpz_tc8    5.0000000000000003E-02     1.000000         0.000000    
     kzkpz_tc9    5.0000000000000003E-02     1.000000         0.000000    
    kzkpz_tc10    5.0000000000000003E-02     1.000000         0.000000    
    kzkpz_tc11    5.0000000000000003E-02     1.000000         0.000000    
    kzkpz_tc12    5.0000000000000003E-02     1.000000         0.000000    
    kzkpz_tc13    5.0000000000000003E-02     1.000000         0.000000    
    kzkpz_tc14    5.0000000000000003E-02     1.000000         0.000000    
    kzkpz_tc15    5.0000000000000003E-02     1.000000         0.000000    
    kzkpz_tc16    5.0000000000000003E-02     1.000000         0.000000    
    kzkpz_tc17    5.0000000000000003E-02     1.000000         0.000000    
    kzkpz_tc18    5.0000000000000003E-02     1.000000         0.000000    
    kzkpz_tc19    5.0000000000000003E-02     1.000000         0.000000    
    kzkpz_tc20    5.0000000000000003E-02     1.000000         0.000000    
    kzkpz_tc21    5.0000000000000003E-02     1.000000         0.000000    
    kzkpz_tc22    5.0000000000000003E-02     1.000000         0.000000    
    kzkpz_tc23    5.0000000000000003E-02     1.000000         0.000000    
    kzkpz_tc24    5.0000000000000003E-02     1.000000         0.000000    
    kzkpz_tc25    5.0000000000000003E-02     1.000000         0.000000    
    kzkpz_tc27    5.0000000000000003E-02     1.000000         0.000000    
    kzkpz_tc28    5.0000000000000003E-02     1.000000         0.000000    
    kzkpz_tc29    5.0000000000000003E-02     1.000000         0.000000    
    kzkpz_tc30    5.0000000000000003E-02     1.000000         0.000000    
    kzkpz_tc31    5.0000000000000003E-02     1.000000         0.000000    
    kzkpz_tc32    5.0000000000000003E-02     1.000000         0.000000    
    kzkpz_tc33    5.0000000000000003E-02     1.000000         0.000000    
    kzkpz_tc34    5.0000000000000003E-02     1.000000         0.000000    
    kzkpz_tc35    5.0000000000000003E-02     1.000000         0.000000    
    kzkpz_tc36    5.0000000000000003E-02     1.000000         0.000000    
    kzkpz_tc37    5.0000000000000003E-02     1.000000         0.000000    
    kzkpz_tc38    5.0000000000000003E-02     1.000000         0.000000    
    kzkpz_tc39    5.0000000000000003E-02     1.000000         0.000000    
    kzkpz_tc40    5.0000000000000003E-02     1.000000         0.000000    
    kzkpz_tc41    5.0000000000000003E-02     1.000000         0.000000    
    kzkpz_tc42    5.0000000000000003E-02     1.000000         0.000000    
    kzkpz_tc43    5.0000000000000003E-02     1.000000         0.000000    
    kzkpz_tc44    5.0000000000000003E-02     1.000000         0.000000    
    kzkpz_tc45    5.0000000000000003E-02     1.000000         0.000000    
    kzkpz_tc46    5.0000000000000003E-02     1.000000         0.000000    
    kzkpz_tc47    5.0000000000000003E-02     1.000000         0.000000    
    kzkpz_tc48    5.0000000000000003E-02     1.000000         0.000000    
    kzkpz_tc49    5.0000000000000003E-02     1.000000         0.000000    
    kzkpz_tc50    5.0000000000000003E-02     1.000000         0.000000    
    kzkpz_tc52    5.0000000000000003E-02     1.000000         0.000000    
    kzkpz_tc53    5.0000000000000003E-02     1.000000         0.000000    
    kzkpz_tc54    5.0000000000000003E-02     1.000000         0.000000    
    kzkpz_tc55    5.0000000000000003E-02     1.000000         0.000000    
    kzkpz_tc56    5.0000000000000003E-02     1.000000         0.000000    
    kzkpz_tc57    5.0000000000000003E-02     1.000000         0.000000    
    kzkpz_tc58    5.0000000000000003E-02     1.000000         0.000000    
    kzkpz_tc59    5.0000000000000003E-02     1.000000         0.000000    
     kzkpz_ec1    0.1000000000000000         1.000000         0.000000    
     kzkpz_ec2    0.1000000000000000         1.000000         0.000000    
     kzkpz_ec4    0.1000000000000000         1.000000         0.000000    
     kzkpz_ec5    0.1000000000000000         1.000000         0.000000    
     kzkpz_ec7    0.1000000000000000         1.000000         0.000000    
     kzkpz_ec8    0.1000000000000000         1.000000         0.000000    
     kzkpz_ec9    0.1000000000000000         1.000000         0.000000    
    kzkpz_ec10    0.1000000000000000         1.000000         0.000000    
    kzkpz_ec11    0.1000000000000000         1.000000         0.000000    
    kzkpz_ec13    0.1000000000000000         1.000000         0.000000    
    kzkpz_ec14    0.1000000000000000         1.000000         0.000000    
    kzkpz_ec15    0.1000000000000000         1.000000         0.000000    
    kzkpz_ec16    0.1000000000000000         1.000000         0.000000    
    kzkpz_ec17    0.1000000000000000         1.000000         0.000000    
    kzkpz_ec18    0.1000000000000000         1.000000         0.000000    
     kzkpz_ww1    0.1000000000000000         1.000000         0.000000    
     kzkpz_ww2    0.1000000000000000         1.000000         0.000000    
     kzkpz_ww3    0.1000000000000000         1.000000         0.000000    
     kzkpz_ww4    0.1000000000000000         1.000000         0.000000    
     kzkpz_ww5    0.1000000000000000         1.000000         0.000000    
     kzkpz_ww6    0.1000000000000000         1.000000         0.000000    
     kzkpz_ww7    0.1000000000000000         1.000000         0.000000    
     kzkpz_ww8    0.1000000000000000         1.000000         0.000000    
     kzkpz_ww9    0.1000000000000000         1.000000         0.000000    
    kzkpz_ww10    0.1000000000000000         1.000000         0.000000    
    kzkpz_ww11    0.1000000000000000         1.000000         0.000000    
    kzkpz_ww12    0.1000000000000000         1.000000         0.000000    
    kzkpz_ww13    0.1000000000000000         1.000000         0.000000    
    kzkpz_ww14    0.1000000000000000         1.000000         0.000000    
    kzkpz_ww15    0.1000000000000000         1.000000         0.000000    
    kzkpz_ww16    0.1000000000000000         1.000000         0.000000    
    kzkpz_ww17    0.1000000000000000         1.000000         0.000000    
    kzkpz_ww18    0.1000000000000000         1.000000         0.000000    
    kzkpz_ww19    0.1000000000000000         1.000000         0.000000    
    kzkpz_ww20    0.1000000000000000         1.000000         0.000000    
    kzkpz_ww21    0.1000000000000000         1.000000         0.000000    
    kzkpz_ww22    0.1000000000000000         1.000000         0.000000    
    kzkpz_ww23    0.1000000000000000         1.000000         0.000000    
    kzkpz_ww24    0.1000000000000000         1.000000         0.000000    
    kzkpz_ww25    0.1000000000000000         1.000000         0.000000    
    kzkpz_ww26    0.1000000000000000         1.000000         0.000000    
    kzkpz_ww27    0.1000000000000000         1.000000         0.000000    
    kzkpz_ww28    0.1000000000000000         1.000000         0.000000    
    kzkpz_ww29    0.1000000000000000         1.000000         0.000000    
    kzkpz_ww30    0.1000000000000000         1.000000         0.000000    
    kzkpz_ww31    0.1000000000000000         1.000000         0.000000    
    kzkpz_ww32    0.1000000000000000         1.000000         0.000000    
    kzkpz_ww33    0.1000000000000000         1.000000         0.000000    
    kzkpz_ww34    0.1000000000000000         1.000000         0.000000    
    kzkpz_ww35    0.1000000000000000         1.000000         0.000000    
    kzkpz_ww36    0.1000000000000000         1.000000         0.000000    
    kzkpz_ww37    0.1000000000000000         1.000000         0.000000    
    kzkpz_ww38    0.1000000000000000         1.000000         0.000000    
    kzkpz_ww39    0.1000000000000000         1.000000         0.000000    
    kzkpz_ww40    0.1000000000000000         1.000000         0.000000    
    kzkpz_ww41    0.1000000000000000         1.000000         0.000000    
    kzkpz_ww42    0.1000000000000000         1.000000         0.000000    
    kzkpz_ww43    0.1000000000000000         1.000000         0.000000    
    kzkpz_ww44    0.1000000000000000         1.000000         0.000000    
    kzkpz_ww45    0.1000000000000000         1.000000         0.000000    
    kzkpz_ww46    0.1000000000000000         1.000000         0.000000    
    kzkpz_ww47    0.1000000000000000         1.000000         0.000000    
    kzkpz_ww48    0.1000000000000000         1.000000         0.000000    
    kzkpz_ww49    0.1000000000000000         1.000000         0.000000    
    kzkpz_ww50    0.1000000000000000         1.000000         0.000000    
    kzkpz_ww51    0.1000000000000000         1.000000         0.000000    
    kzkpz_ww52    0.1000000000000000         1.000000         0.000000    
    kzkpz_ww53    0.1000000000000000         1.000000         0.000000    
    kzkpz_ww54    0.1000000000000000         1.000000         0.000000    
    kzkpz_ww55    0.1000000000000000         1.000000         0.000000    
    kzkpz_ww56    0.1000000000000000         1.000000         0.000000    
    kzkpz_ww57    0.1000000000000000         1.000000         0.000000    
    kzkpz_ww58    0.1000000000000000         1.000000         0.000000    
    kzkpz_ww59    0.1000000000000000         1.000000         0.000000    
    kzkpz_ww60    0.1000000000000000         1.000000         0.000000    
    kzkpz_ww61    0.1000000000000000         1.000000         0.000000    
    kzkpz_ww62    0.1000000000000000         1.000000         0.000000    
    kzkpz_ww63    0.1000000000000000         1.000000         0.000000    
    kzkpz_ww64    0.1000000000000000         1.000000         0.000000    
    kzkpz_ww65    0.1000000000000000         1.000000         0.000000    
    kzkpz_ww66    0.1000000000000000         1.000000         0.000000    
    kzkpz_ww67    0.1000000000000000         1.000000         0.000000    
    kzkpz_ww68    0.1000000000000000         1.000000         0.000000    
    kzkpz_ww69    0.1000000000000000         1.000000         0.000000    
    kzkpz_ww70    0.1000000000000000         1.000000         0.000000    
    kzkpz_ww71    0.1000000000000000         1.000000         0.000000    
    kzkpz_ww72    0.1000000000000000         1.000000         0.000000    
    kzkpz_ww73    0.1000000000000000         1.000000         0.000000    
    kzkpz_ww74    0.1000000000000000         1.000000         0.000000    
    kzkpz_ww75    0.1000000000000000         1.000000         0.000000    
    kzkpz_ww76    0.1000000000000000         1.000000         0.000000    
    kzkpz_ww77    0.1000000000000000         1.000000         0.000000    
    kzkpz_ww78    0.1000000000000000         1.000000         0.000000    
    kzkpz_ww79    0.1000000000000000         1.000000         0.000000    
    kzkpz_ww80    0.1000000000000000         1.000000         0.000000    
    kzkpz_ww81    0.1000000000000000         1.000000         0.000000    
    kzkpz_ww82    0.1000000000000000         1.000000         0.000000    
    kzkpz_ww83    0.1000000000000000         1.000000         0.000000    
    kzkpz_ww84    0.1000000000000000         1.000000         0.000000    
    kzkpz_ww85    0.1000000000000000         1.000000         0.000000    
    kzkpz_ww86    0.1000000000000000         1.000000         0.000000    
    kzkpz_ww87    0.1000000000000000         1.000000         0.000000    
    kzkpz_ww88    0.1000000000000000         1.000000         0.000000    
    kzkpz_ww89    0.1000000000000000         1.000000         0.000000    
    kzkpz_ww90    0.1000000000000000         1.000000         0.000000    
    kzkpz_ww91    0.1000000000000000         1.000000         0.000000    
    kzkpz_ww92    0.1000000000000000         1.000000         0.000000    
    kzkpz_ww93    0.1000000000000000         1.000000         0.000000    
    kzkpz_ww94    0.1000000000000000         1.000000         0.000000    
    kzkpz_ww95    0.1000000000000000         1.000000         0.000000    
    kzkpz_ww96    0.1000000000000000         1.000000         0.000000    
    kzkpz_ww97    0.1000000000000000         1.000000         0.000000    
    kzkpz_ww98    0.1000000000000000         1.000000         0.000000    
    kzkpz_ww99    0.1000000000000000         1.000000         0.000000    
     kzkpz_ms1    0.1000000000000000         1.000000         0.000000    
     kzkpz_ms2    0.1000000000000000         1.000000         0.000000    
     kzkpz_ms3    0.1000000000000000         1.000000         0.000000    
     kzkpz_ms4    0.1000000000000000         1.000000         0.000000    
     kzkpz_ms5    0.1000000000000000         1.000000         0.000000    
     kzkpz_ms6    0.1000000000000000         1.000000         0.000000    
     kzkpz_ms7    0.1000000000000000         1.000000         0.000000    
     kzkpz_ms8    0.1000000000000000         1.000000         0.000000    
     kzkpz_ms9    0.1000000000000000         1.000000         0.000000    
    kzkpz_ms10    0.1000000000000000         1.000000         0.000000    
    kzkpz_ms11    0.1000000000000000         1.000000         0.000000    
    kzkpz_ms12    0.1000000000000000         1.000000         0.000000    
    kzkpz_ms13    0.1000000000000000         1.000000         0.000000    
    kzkpz_ms14    0.1000000000000000         1.000000         0.000000    
    kzkpz_ms15    0.1000000000000000         1.000000         0.000000    
    kzkpz_ms16    0.1000000000000000         1.000000         0.000000    
    kzkpz_ms17    0.1000000000000000         1.000000         0.000000    
    kzkpz_ms18    0.1000000000000000         1.000000         0.000000    
    kzkpz_ms19    0.1000000000000000         1.000000         0.000000    
    kzkpz_ms20    0.1000000000000000         1.000000         0.000000    
    kzkpz_ms21    0.1000000000000000         1.000000         0.000000    
    kzkpz_ms22    0.1000000000000000         1.000000         0.000000    
    kzkpz_ms23    0.1000000000000000         1.000000         0.000000    
    kzkpz_ms24    0.1000000000000000         1.000000         0.000000    
    kzkpz_ms25    0.1000000000000000         1.000000         0.000000    
    kzkpz_ms26    0.1000000000000000         1.000000         0.000000    
    kzkpz_ms27    0.1000000000000000         1.000000         0.000000    
    kzkpz_ms28    0.1000000000000000         1.000000         0.000000    
    kzkpz_ms29    0.1000000000000000         1.000000         0.000000    
    kzkpz_ms30    0.1000000000000000         1.000000         0.000000    
    kzkpz_ms31    0.1000000000000000         1.000000         0.000000    
    kzkpz_ms32    0.1000000000000000         1.000000         0.000000    
    kzkpz_ms33    0.1000000000000000         1.000000         0.000000    
    kzkpz_ms34    0.1000000000000000         1.000000         0.000000    
    kzkpz_ms35    0.1000000000000000         1.000000         0.000000    
    kzkpz_ms36    0.1000000000000000         1.000000         0.000000    
    kzkpz_ms37    0.1000000000000000         1.000000         0.000000    
    kzkpz_ms38    0.1000000000000000         1.000000         0.000000    
    kzkpz_ms39    0.1000000000000000         1.000000         0.000000    
    kzkpz_ms40    0.1000000000000000         1.000000         0.000000    
    kzkpz_ms41    0.1000000000000000         1.000000         0.000000    
    kzkpz_ms42    0.1000000000000000         1.000000         0.000000    
    kzkpz_ms43    0.1000000000000000         1.000000         0.000000    
    kzkpz_ms44    0.1000000000000000         1.000000         0.000000    
    kzkpz_ms45    0.1000000000000000         1.000000         0.000000    
    kzkpz_ms46    0.1000000000000000         1.000000         0.000000    
    kzkpz_ms47    0.1000000000000000         1.000000         0.000000    
    kzkpz_ms48    0.1000000000000000         1.000000         0.000000    
    kzkpz_ms49    0.1000000000000000         1.000000         0.000000    
    kzkpz_ms50    0.1000000000000000         1.000000         0.000000    
    kzkpz_ms51    0.1000000000000000         1.000000         0.000000    
    kzkpz_ms52    0.1000000000000000         1.000000         0.000000    
    kzkpz_ms53    0.1000000000000000         1.000000         0.000000    
    kzkpz_ms54    0.1000000000000000         1.000000         0.000000    
    kzkpz_ms55    0.1000000000000000         1.000000         0.000000    
    kzkpz_ms56    0.1000000000000000         1.000000         0.000000    
    kzkpz_ms57    0.1000000000000000         1.000000         0.000000    
    kzkpz_ms58    0.1000000000000000         1.000000         0.000000    
    kzkpz_ms59    0.1000000000000000         1.000000         0.000000    
    kzkpz_ms60    0.1000000000000000         1.000000         0.000000    
    kzkpz_ms61    0.1000000000000000         1.000000         0.000000    
    kzkpz_ms62    0.1000000000000000         1.000000         0.000000    
    kzkpz_ms63    0.1000000000000000         1.000000         0.000000    
    kzkpz_ms64    0.1000000000000000         1.000000         0.000000    
    kzkpz_ms65    0.1000000000000000         1.000000         0.000000    
    kzkpz_ms66    0.1000000000000000         1.000000         0.000000    
    kzkpz_ms67    0.1000000000000000         1.000000         0.000000    
    kzkpz_ms68    0.1000000000000000         1.000000         0.000000    
    kzkpz_ms69    0.1000000000000000         1.000000         0.000000    
    kzkpz_ms70    0.1000000000000000         1.000000         0.000000    
    kzkpz_ms71    0.1000000000000000         1.000000         0.000000    
    kzkpz_ms72    0.1000000000000000         1.000000         0.000000    
    kzkpz_ms73    0.1000000000000000         1.000000         0.000000    
    kzkpz_ms74    0.1000000000000000         1.000000         0.000000    
    kzkpz_ms75    0.1000000000000000         1.000000         0.000000    
    kzkpz_ms76    0.1000000000000000         1.000000         0.000000    
    kzkpz_ms77    0.1000000000000000         1.000000         0.000000    
    kzkpz_ms78    0.1000000000000000         1.000000         0.000000    
    kzkpz_ms79    0.1000000000000000         1.000000         0.000000    
    kzkpz_ms80    0.1000000000000000         1.000000         0.000000    
    kzkpz_ms81    0.1000000000000000         1.000000         0.000000    
    kzkpz_ms82    0.1000000000000000         1.000000         0.000000    
    kzkpz_ms83    0.1000000000000000         1.000000         0.000000    
    kzkpz_ms84    0.1000000000000000         1.000000         0.000000    
    kzkpz_ms85    0.1000000000000000         1.000000         0.000000    
    kzkpz_ms86    0.1000000000000000         1.000000         0.000000    
    kzkpz_ms87    0.1000000000000000         1.000000         0.000000    
    kzkpz_ms88    0.1000000000000000         1.000000         0.000000    
    kzkpz_ms89    0.1000000000000000         1.000000         0.000000    
    kzkpz_ms90    0.1000000000000000         1.000000         0.000000    
    kzkpz_ms91    0.1000000000000000         1.000000         0.000000    
    kzkpz_ms92    0.1000000000000000         1.000000         0.000000    
    kzkpz_ms93    0.1000000000000000         1.000000         0.000000    
    kzkpz_ms94    0.1000000000000000         1.000000         0.000000    
    kzkpz_ms95    0.1000000000000000         1.000000         0.000000    
    kzkpz_ms96    0.1000000000000000         1.000000         0.000000    
    kzkpz_ms97    0.1000000000000000         1.000000         0.000000    
    kzkpz_ms98    0.1000000000000000         1.000000         0.000000    
    kzkpz_ms99    0.1000000000000000         1.000000         0.000000    
          kh_c     30.00000000000000         1.000000         0.000000    
          kh_f     30.00000000000000         1.000000         0.000000    
        kh_ghh     30.00000000000000         1.000000         0.000000    
        kh_ghr     30.00000000000000         1.000000         0.000000    
        kh_ghs     30.00000000000000         1.000000         0.000000    
          kh_l     30.00000000000000         1.000000         0.000000    
         kh_lo     30.00000000000000         1.000000         0.000000    
         kh_lw     30.00000000000000         1.000000         0.000000    
         kh_oh     30.00000000000000         1.000000         0.000000    
          kh_p     30.00000000000000         1.000000         0.000000    
         kh_po     30.00000000000000         1.000000         0.000000    
         kh_ps     30.00000000000000         1.000000         0.000000    
         kh_pw     30.00000000000000         1.000000         0.000000    
          kh_r     30.00000000000000         1.000000         0.000000    
          kh_s     30.00000000000000         1.000000         0.000000    
         kh_sc     30.00000000000000         1.000000         0.000000    
         kh_sd     30.00000000000000         1.000000         0.000000    
         kh_sn     30.00000000000000         1.000000         0.000000    
         kh_su     30.00000000000000         1.000000         0.000000    
          kh_w     30.00000000000000         1.000000         0.000000    
        kh_wat     30.00000000000000         1.000000         0.000000    
        kh_ca2     30.00000000000000         1.000000         0.000000    
         kh_hp     30.00000000000000         1.000000         0.000000    
         kh_ca     30.00000000000000         1.000000         0.000000    
         kh_cr     30.00000000000000         1.000000         0.000000    
         kh_gg     30.00000000000000         1.000000         0.000000    
        kh_lca     30.00000000000000         1.000000         0.000000    
          kv_c    0.1000000000000000         1.000000         0.000000    
          kv_f    0.1000000000000000         1.000000         0.000000    
        kv_ghh    0.1000000000000000         1.000000         0.000000    
        kv_ghr    0.1000000000000000         1.000000         0.000000    
        kv_ghs    0.1000000000000000         1.000000         0.000000    
          kv_l    0.1000000000000000         1.000000         0.000000    
         kv_lo    0.1000000000000000         1.000000         0.000000    
         kv_lw    0.1000000000000000         1.000000         0.000000    
         kv_oh    0.1000000000000000         1.000000         0.000000    
          kv_p    0.1000000000000000         1.000000         0.000000    
         kv_po    0.1000000000000000         1.000000         0.000000    
         kv_ps    0.1000000000000000         1.000000         0.000000    
         kv_pw    0.1000000000000000         1.000000         0.000000    
          kv_r    0.1000000000000000         1.000000         0.000000    
          kv_s    0.1000000000000000         1.000000         0.000000    
         kv_sc    0.1000000000000000         1.000000         0.000000    
         kv_sd    0.1000000000000000         1.000000         0.000000    
         kv_sn    0.1000000000000000         1.000000         0.000000    
         kv_su    0.1000000000000000         1.000000         0.000000    
          kv_w    0.1000000000000000         1.000000         0.000000    
        kv_wat    0.1000000000000000         1.000000         0.000000    
        kv_ca2    0.1000000000000000         1.000000         0.000000    
         kv_hp    0.1000000000000000         1.000000         0.000000    
         kv_ca    0.1000000000000000         1.000000         0.000000    
         kv_cr    0.1000000000000000         1.000000         0.000000    
         kv_gg    0.1000000000000000         1.000000         0.000000    
        kv_lca    0.1000000000000000         1.000000         0.000000    
         r_col     1.000000000000000         1.000000         0.000000    
          r_ca     1.000000000000000         1.000000         0.000000    
          r_hp     1.000000000000000         1.000000         0.000000    
         r_ca2     1.000000000000000         1.000000         0.000000    
          r_cr     1.000000000000000         1.000000         0.000000    
          r_gg     1.000000000000000         1.000000         0.000000    
          r_lc     1.000000000000000         1.000000         0.000000    
          sfrc     1.000000000000000         1.000000         0.000000    
       wr_drnc     1.000000000000000         1.000000         0.000000    
