  double point
          par1     9.743979987424764         1.000000        -10.00000    
          par2     11.62623034734100         1.000000        -10.00000    
          par3     9.730540973534177         1.000000        -10.00000    
          par4     11.45538564968909         1.000000        -10.00000    
          par5     9.332008584392074         1.000000        -10.00000    
          par6     9.977567731954553         1.000000        -10.00000    
          par7     10.26494444106315         1.000000        -10.00000    
          par8     8.433275953450110         1.000000        -10.00000    
          par9     10.22798483654200         1.000000        -10.00000    
         par10     10.85502163807554         1.000000        -10.00000    
         par11     11.54278140761637         1.000000        -10.00000    
         par12     8.777833919191783         1.000000        -10.00000    
         par13     9.333166028179953         1.000000        -10.00000    
         par14     9.311144382128427         1.000000        -10.00000    
         par15     10.99443153583040         1.000000        -10.00000    
         par16     10.29217273301261         1.000000        -10.00000    
         par17     9.906729577624436         1.000000        -10.00000    
         par18     9.242104345747409         1.000000        -10.00000    
         par19     10.38880937291083         1.000000        -10.00000    
         par20     10.32934153913749         1.000000        -10.00000    
         par21     9.281829235763434         1.000000        -10.00000    
         par22     10.30358414512427         1.000000        -10.00000    
         par23     9.894249486987624         1.000000        -10.00000    
         par24     10.49724017669651         1.000000        -10.00000    
         par25     10.10695240098133         1.000000        -10.00000    
         par26     10.06739031512345         1.000000        -10.00000    
         par27     9.752604064885654         1.000000        -10.00000    
         par28     10.56636737759357         1.000000        -10.00000    
         par29     9.169961334570893         1.000000        -10.00000    
         par30     9.589735178404707         1.000000        -10.00000    
         par31     9.641464129587105         1.000000        -10.00000    
         par32     10.11217538069756         1.000000        -10.00000    
         par33     7.769309871825937         1.000000        -10.00000    
         par34     10.78109812011070         1.000000        -10.00000    
         par35     10.12330646777165         1.000000        -10.00000    
         par36     10.90809623398989         1.000000        -10.00000    
         par37     10.06413509052399         1.000000        -10.00000    
         par38     10.64547939695882         1.000000        -10.00000    
         par39     10.38150744525654         1.000000        -10.00000    
         par40     11.11651319723719         1.000000        -10.00000    
         par41     10.29928006729809         1.000000        -10.00000    
         par42     10.36259002507988         1.000000        -10.00000    
         par43     9.249681284095145         1.000000        -10.00000    
         par44     9.935945207898429         1.000000        -10.00000    
         par45     10.45932804613339         1.000000        -10.00000    
         par46     11.37761303965420         1.000000        -10.00000    
         par47     10.76088833343460         1.000000        -10.00000    
         par48     9.587310516239143         1.000000        -10.00000    
         par49     10.88807819611701         1.000000        -10.00000    
         par50     9.950661155397539         1.000000        -10.00000    
         par51     9.816695541684744         1.000000        -10.00000    
         par52     9.505006894447346         1.000000        -10.00000    
         par53     10.09282547792013         1.000000        -10.00000    
         par54     9.032125991167062         1.000000        -10.00000    
         par55     9.620171793012869         1.000000        -10.00000    
         par56     8.571213325237141         1.000000        -10.00000    
         par57     9.451265633941235         1.000000        -10.00000    
         par58     10.81128263131298         1.000000        -10.00000    
         par59     9.305350246343325         1.000000        -10.00000    
         par60     10.39742675480470         1.000000        -10.00000    
         par61     10.12984857872538         1.000000        -10.00000    
         par62     10.46250905812242         1.000000        -10.00000    
         par63     9.733278816860521         1.000000        -10.00000    
         par64     9.862117746675835         1.000000        -10.00000    
         par65     10.61713377060291         1.000000        -10.00000    
         par66     8.963378916644031         1.000000        -10.00000    
         par67     9.870257538212149         1.000000        -10.00000    
         par68     10.74018473395887         1.000000        -10.00000    
         par69     9.600557912782389         1.000000        -10.00000    
         par70     10.66027395695731         1.000000        -10.00000    
         par71     10.11631963759014         1.000000        -10.00000    
         par72     10.00463813897452         1.000000        -10.00000    
         par73     9.924693325869425         1.000000        -10.00000    
         par74     9.465366088563934         1.000000        -10.00000    
         par75     10.26824390938426         1.000000        -10.00000    
         par76     10.11340554025580         1.000000        -10.00000    
         par77     10.31437163622109         1.000000        -10.00000    
         par78     10.28442429885007         1.000000        -10.00000    
         par79     10.50741318153894         1.000000        -10.00000    
         par80     9.749260406051706         1.000000        -10.00000    
         par81     9.985229165876044         1.000000        -10.00000    
         par82     9.546660216780142         1.000000        -10.00000    
         par83     10.59598687583511         1.000000        -10.00000    
         par84     10.00260321203921         1.000000        -10.00000    
         par85     9.794634527017601         1.000000        -10.00000    
         par86     10.17058507125334         1.000000        -10.00000    
         par87     10.31385845498652         1.000000        -10.00000    
         par88     10.58179265556445         1.000000        -10.00000    
         par89     9.739385388665335         1.000000        -10.00000    
         par90     9.731968524405854         1.000000        -10.00000    
         par91     8.990724184770412         1.000000        -10.00000    
         par92     9.722454312548669         1.000000        -10.00000    
         par93     10.43613638548975         1.000000        -10.00000    
         par94     9.833383731419987         1.000000        -10.00000    
         par95     9.186774243442780         1.000000        -10.00000    
         par96     9.901748580921746         1.000000        -10.00000    
         par97     9.906157371908780         1.000000        -10.00000    
         par98     10.66334805502685         1.000000        -10.00000    
         par99     10.37420706614605         1.000000        -10.00000    
        par100     9.543658311103258         1.000000        -10.00000    
        par101     9.960604404311329         1.000000        -10.00000    
        par102     9.573667782597102         1.000000        -10.00000    
        par103     10.07351088598493         1.000000        -10.00000    
        par104     10.62722133277124         1.000000        -10.00000    
        par105     9.312373041460164         1.000000        -10.00000    
        par106     10.14452563305290         1.000000        -10.00000    
        par107     10.02718398688641         1.000000        -10.00000    
        par108     10.26387690459208         1.000000        -10.00000    
        par109     10.52664551280827         1.000000        -10.00000    
        par110     9.897238967248107         1.000000        -10.00000    
        par111     9.794651285969302         1.000000        -10.00000    
        par112     10.14699778053417         1.000000        -10.00000    
        par113     9.673186660176322         1.000000        -10.00000    
        par114     10.57000326118840         1.000000        -10.00000    
        par115     10.01597922468028         1.000000        -10.00000    
        par116     10.39337434730455         1.000000        -10.00000    
        par117     10.52347912911187         1.000000        -10.00000    
        par118     10.71070041531938         1.000000        -10.00000    
        par119     9.556055274772095         1.000000        -10.00000    
        par120     10.11827109978592         1.000000        -10.00000    
        par121     10.12326356038525         1.000000        -10.00000    
        par122     9.391422984178684         1.000000        -10.00000    
        par123     9.754237288698430         1.000000        -10.00000    
        par124     9.492492335056044         1.000000        -10.00000    
        par125     10.00626808694352         1.000000        -10.00000    
        par126     10.46955404773318         1.000000        -10.00000    
        par127     10.30839920582526         1.000000        -10.00000    
        par128     9.696883936509876         1.000000        -10.00000    
        par129     9.955561393381819         1.000000        -10.00000    
        par130     9.355482322074820         1.000000        -10.00000    
        par131     10.07479496438993         1.000000        -10.00000    
        par132     10.61775867758836         1.000000        -10.00000    
        par133     9.288516266614964         1.000000        -10.00000    
        par134     9.729482758896987         1.000000        -10.00000    
        par135     9.803341972612648         1.000000        -10.00000    
        par136     9.821416188778636         1.000000        -10.00000    
        par137     9.705477960333223         1.000000        -10.00000    
        par138     10.13240872231993         1.000000        -10.00000    
        par139     10.37142983255704         1.000000        -10.00000    
        par140     9.973347180063708         1.000000        -10.00000    
        par141     9.709022663924964         1.000000        -10.00000    
        par142     9.659253300405249         1.000000        -10.00000    
        par143     9.925037644515154         1.000000        -10.00000    
        par144     9.542322790045642         1.000000        -10.00000    
        par145     9.758435706419496         1.000000        -10.00000    
        par146     9.662568305095810         1.000000        -10.00000    
        par147     10.00477778498827         1.000000        -10.00000    
        par148     9.943092488655058         1.000000        -10.00000    
        par149     9.648765734396088         1.000000        -10.00000    
        par150     10.16562530654959         1.000000        -10.00000    
