single point
 kpkpx_tc2      4.303348        1.00000        0.00000    
 kpkpx_tc3      4.491612        1.00000        0.00000    
 kpkpx_tc4      2.742818        1.00000        0.00000    
 kpkpx_tc7      6.022919        1.00000        0.00000    
 kpkpx_tc8      2.545100        1.00000        0.00000    
 kpkpx_tc9      3.425308        1.00000        0.00000    
 kpkpx_tc10     3.214336        1.00000        0.00000    
 kpkpx_tc11     4.217140        1.00000        0.00000    
 kpkpx_tc12     2.405536        1.00000        0.00000    
 kpkpx_tc13     5.302654        1.00000        0.00000    
 kpkpx_tc14     4.126059        1.00000        0.00000    
 kpkpx_tc15     4.264048        1.00000        0.00000    
 kpkpx_tc16     3.322696        1.00000        0.00000    
 kpkpx_tc17     2.474498        1.00000        0.00000    
 kpkpx_tc18     4.529201        1.00000        0.00000    
 kpkpx_tc19     5.770275        1.00000        0.00000    
 kpkpx_tc20     1.349179        1.00000        0.00000    
 kpkpx_tc21     2.224714        1.00000        0.00000    
 kpkpx_tc22     2.299146        1.00000        0.00000    
 kpkpx_tc23     2.409959        1.00000        0.00000    
 kpkpx_tc24     4.296817        1.00000        0.00000    
 kpkpx_tc25     4.022293        1.00000        0.00000    
 kpkpx_tc27     1.032480        1.00000        0.00000    
 kpkpx_tc28     3.080820        1.00000        0.00000    
 kpkpx_tc29     2.534286        1.00000        0.00000    
 kpkpx_tc30     2.133941        1.00000        0.00000    
 kpkpx_tc31     6.855855        1.00000        0.00000    
 kpkpx_tc32     3.787249        1.00000        0.00000    
 kpkpx_tc33     2.370391        1.00000        0.00000    
 kpkpx_tc34     2.058865        1.00000        0.00000    
 kpkpx_tc35    0.8223533        1.00000        0.00000    
 kpkpx_tc36     1.647563        1.00000        0.00000    
 kpkpx_tc37     3.460933        1.00000        0.00000    
 kpkpx_tc38     4.052253        1.00000        0.00000    
 kpkpx_tc39     5.122598        1.00000        0.00000    
 kpkpx_tc40     2.381446        1.00000        0.00000    
 kpkpx_tc41     2.607285        1.00000        0.00000    
 kpkpx_tc42     2.351064        1.00000        0.00000    
 kpkpx_tc43     2.442178        1.00000        0.00000    
 kpkpx_tc44     2.214170        1.00000        0.00000    
 kpkpx_tc45     1.212538        1.00000        0.00000    
 kpkpx_tc46     3.251241        1.00000        0.00000    
 kpkpx_tc47     2.431048        1.00000        0.00000    
 kpkpx_tc48     2.477328        1.00000        0.00000    
 kpkpx_tc49     3.083914        1.00000        0.00000    
 kpkpx_tc50     3.382337        1.00000        0.00000    
 kpkpx_tc52     2.616703        1.00000        0.00000    
 kpkpx_tc53     2.232340        1.00000        0.00000    
 kpkpx_tc54     2.448118        1.00000        0.00000    
 kpkpx_tc55     1.985054        1.00000        0.00000    
 kpkpx_tc56     1.973676        1.00000        0.00000    
 kpkpx_tc57     2.430827        1.00000        0.00000    
 kpkpx_tc58     3.102800        1.00000        0.00000    
 kpkpx_tc59     2.765290        1.00000        0.00000    
 kpkpx_ec1      7.393799        1.00000        0.00000    
 kpkpx_ec2      6.837513        1.00000        0.00000    
 kpkpx_ec4      6.798847        1.00000        0.00000    
 kpkpx_ec5      6.940075        1.00000        0.00000    
 kpkpx_ec7      6.782335        1.00000        0.00000    
 kpkpx_ec8      6.905243        1.00000        0.00000    
 kpkpx_ec9      6.877487        1.00000        0.00000    
 kpkpx_ec10     6.812808        1.00000        0.00000    
 kpkpx_ec11     6.781941        1.00000        0.00000    
 kpkpx_ec13     6.810611        1.00000        0.00000    
 kpkpx_ec14     6.704323        1.00000        0.00000    
 kpkpx_ec15     6.771813        1.00000        0.00000    
 kpkpx_ec16     6.676023        1.00000        0.00000    
 kpkpx_ec17     6.743237        1.00000        0.00000    
 kpkpx_ec18     6.755999        1.00000        0.00000    
 kpkpx_ww1      5.596862        1.00000        0.00000    
 kpkpx_ww2      5.040559        1.00000        0.00000    
 kpkpx_ww3      4.680750        1.00000        0.00000    
 kpkpx_ww4      4.685784        1.00000        0.00000    
 kpkpx_ww5      4.626765        1.00000        0.00000    
 kpkpx_ww6      4.519886        1.00000        0.00000    
 kpkpx_ww7      4.644987        1.00000        0.00000    
 kpkpx_ww8      5.393239        1.00000        0.00000    
 kpkpx_ww9      6.642968        1.00000        0.00000    
 kpkpx_ww10     6.827918        1.00000        0.00000    
 kpkpx_ww11     7.674223        1.00000        0.00000    
 kpkpx_ww12     2.927307        1.00000        0.00000    
 kpkpx_ww13     4.531400        1.00000        0.00000    
 kpkpx_ww14     5.588455        1.00000        0.00000    
 kpkpx_ww15     4.787389        1.00000        0.00000    
 kpkpx_ww16     4.838625        1.00000        0.00000    
 kpkpx_ww17     7.255944        1.00000        0.00000    
 kpkpx_ww18     9.534811        1.00000        0.00000    
 kpkpx_ww19     7.747863        1.00000        0.00000    
 kpkpx_ww20     8.433968        1.00000        0.00000    
 kpkpx_ww21     6.265809        1.00000        0.00000    
 kpkpx_ww22     4.813257        1.00000        0.00000    
 kpkpx_ww23     3.837571        1.00000        0.00000    
 kpkpx_ww24     5.934894        1.00000        0.00000    
 kpkpx_ww25     5.083857        1.00000        0.00000    
 kpkpx_ww26     5.696802        1.00000        0.00000    
 kpkpx_ww27     5.591475        1.00000        0.00000    
 kpkpx_ww28     6.250285        1.00000        0.00000    
 kpkpx_ww29     7.012760        1.00000        0.00000    
 kpkpx_ww30     12.62037        1.00000        0.00000    
 kpkpx_ww31     4.169248        1.00000        0.00000    
 kpkpx_ww32     5.714036        1.00000        0.00000    
 kpkpx_ww33     5.045366        1.00000        0.00000    
 kpkpx_ww34     4.723805        1.00000        0.00000    
 kpkpx_ww35     3.859267        1.00000        0.00000    
 kpkpx_ww36     4.218316        1.00000        0.00000    
 kpkpx_ww37     5.048784        1.00000        0.00000    
 kpkpx_ww38     5.024365        1.00000        0.00000    
 kpkpx_ww39     5.112813        1.00000        0.00000    
 kpkpx_ww40     9.165998        1.00000        0.00000    
 kpkpx_ww41     4.549780        1.00000        0.00000    
 kpkpx_ww42     3.701875        1.00000        0.00000    
 kpkpx_ww43     5.657317        1.00000        0.00000    
 kpkpx_ww44     4.587867        1.00000        0.00000    
 kpkpx_ww45     4.769545        1.00000        0.00000    
 kpkpx_ww46     5.377605        1.00000        0.00000    
 kpkpx_ww47     5.657519        1.00000        0.00000    
 kpkpx_ww48     6.102359        1.00000        0.00000    
 kpkpx_ww49     4.145826        1.00000        0.00000    
 kpkpx_ww50     1.761351        1.00000        0.00000    
 kpkpx_ww51    0.2800000        1.00000        0.00000    
 kpkpx_ww52     4.738214        1.00000        0.00000    
 kpkpx_ww53     3.333231        1.00000        0.00000    
 kpkpx_ww54     6.410642        1.00000        0.00000    
 kpkpx_ww55     6.478155        1.00000        0.00000    
 kpkpx_ww56     5.158355        1.00000        0.00000    
 kpkpx_ww57     98.33000        1.00000        0.00000    
 kpkpx_ww58     16.00486        1.00000        0.00000    
 kpkpx_ww59     5.273409        1.00000        0.00000    
 kpkpx_ww60     7.986202        1.00000        0.00000    
 kpkpx_ww61    0.8416406        1.00000        0.00000    
 kpkpx_ww62     1.291376        1.00000        0.00000    
 kpkpx_ww63     10.15813        1.00000        0.00000    
 kpkpx_ww64     4.732584        1.00000        0.00000    
 kpkpx_ww65     8.185490        1.00000        0.00000    
 kpkpx_ww66     6.033230        1.00000        0.00000    
 kpkpx_ww67     4.933219        1.00000        0.00000    
 kpkpx_ww68     8.908104        1.00000        0.00000    
 kpkpx_ww69     7.898573        1.00000        0.00000    
 kpkpx_ww70     4.836217        1.00000        0.00000    
 kpkpx_ww71     5.575874        1.00000        0.00000    
 kpkpx_ww72     4.919949        1.00000        0.00000    
 kpkpx_ww73     6.855012        1.00000        0.00000    
 kpkpx_ww74     8.561755        1.00000        0.00000    
 kpkpx_ww75     8.906298        1.00000        0.00000    
 kpkpx_ww76     6.233999        1.00000        0.00000    
 kpkpx_ww77     5.081055        1.00000        0.00000    
 kpkpx_ww78     4.991531        1.00000        0.00000    
 kpkpx_ww79     5.227105        1.00000        0.00000    
 kpkpx_ww80     4.777583        1.00000        0.00000    
 kpkpx_ww81     4.773373        1.00000        0.00000    
 kpkpx_ww82     4.660184        1.00000        0.00000    
 kpkpx_ww83     6.546088        1.00000        0.00000    
 kpkpx_ww84     6.466298        1.00000        0.00000    
 kpkpx_ww85     5.404778        1.00000        0.00000    
 kpkpx_ww86     4.427769        1.00000        0.00000    
 kpkpx_ww87     5.002685        1.00000        0.00000    
 kpkpx_ww88     6.204623        1.00000        0.00000    
 kpkpx_ww89     4.846073        1.00000        0.00000    
 kpkpx_ww90     5.001791        1.00000        0.00000    
 kpkpx_ww91     4.692405        1.00000        0.00000    
 kpkpx_ww92     4.159830        1.00000        0.00000    
 kpkpx_ww93     4.912756        1.00000        0.00000    
 kpkpx_ww94     4.046312        1.00000        0.00000    
 kpkpx_ww95     5.078456        1.00000        0.00000    
 kpkpx_ww96     4.361558        1.00000        0.00000    
 kpkpx_ww97     5.393984        1.00000        0.00000    
 kpkpx_ww98     5.334910        1.00000        0.00000    
 kpkpx_ww99     5.410325        1.00000        0.00000    
 kpkpx_ms1      8.843333        1.00000        0.00000    
 kpkpx_ms2      6.236557        1.00000        0.00000    
 kpkpx_ms3      5.978683        1.00000        0.00000    
 kpkpx_ms4      4.195915        1.00000        0.00000    
 kpkpx_ms5      5.195399        1.00000        0.00000    
 kpkpx_ms6      4.760224        1.00000        0.00000    
 kpkpx_ms7      5.197133        1.00000        0.00000    
 kpkpx_ms8      6.056189        1.00000        0.00000    
 kpkpx_ms9      12.54128        1.00000        0.00000    
 kpkpx_ms10     30.47519        1.00000        0.00000    
 kpkpx_ms11     4.958254        1.00000        0.00000    
 kpkpx_ms12     1.984627        1.00000        0.00000    
 kpkpx_ms13     3.664911        1.00000        0.00000    
 kpkpx_ms14     7.420785        1.00000        0.00000    
 kpkpx_ms15     6.199922        1.00000        0.00000    
 kpkpx_ms16     6.022900        1.00000        0.00000    
 kpkpx_ms17     18.61534        1.00000        0.00000    
 kpkpx_ms18     39.52829        1.00000        0.00000    
 kpkpx_ms19     73.06000        1.00000        0.00000    
 kpkpx_ms20     29.95033        1.00000        0.00000    
 kpkpx_ms21     12.87824        1.00000        0.00000    
 kpkpx_ms22     5.667510        1.00000        0.00000    
 kpkpx_ms23     3.230857        1.00000        0.00000    
 kpkpx_ms24     17.87126        1.00000        0.00000    
 kpkpx_ms25     9.802979        1.00000        0.00000    
 kpkpx_ms26     11.48403        1.00000        0.00000    
 kpkpx_ms27     11.61242        1.00000        0.00000    
 kpkpx_ms28     5.060490        1.00000        0.00000    
 kpkpx_ms29     73.06000        1.00000        0.00000    
 kpkpx_ms30     73.06000        1.00000        0.00000    
 kpkpx_ms31     3.835256        1.00000        0.00000    
 kpkpx_ms32     10.73858        1.00000        0.00000    
 kpkpx_ms33     6.783009        1.00000        0.00000    
 kpkpx_ms34     6.056499        1.00000        0.00000    
 kpkpx_ms35     3.212408        1.00000        0.00000    
 kpkpx_ms36     10.16954        1.00000        0.00000    
 kpkpx_ms37     3.302768        1.00000        0.00000    
 kpkpx_ms38     1.937400        1.00000        0.00000    
 kpkpx_ms39     6.068941        1.00000        0.00000    
 kpkpx_ms40     19.21905        1.00000        0.00000    
 kpkpx_ms41     8.596707        1.00000        0.00000    
 kpkpx_ms42     2.535086        1.00000        0.00000    
 kpkpx_ms43     13.67974        1.00000        0.00000    
 kpkpx_ms44     11.95552        1.00000        0.00000    
 kpkpx_ms45     6.100708        1.00000        0.00000    
 kpkpx_ms46     6.829202        1.00000        0.00000    
 kpkpx_ms47     73.06000        1.00000        0.00000    
 kpkpx_ms48    0.5659159        1.00000        0.00000    
 kpkpx_ms49    0.3200000        1.00000        0.00000    
 kpkpx_ms50     49.68667        1.00000        0.00000    
 kpkpx_ms51     73.06000        1.00000        0.00000    
 kpkpx_ms52     73.06000        1.00000        0.00000    
 kpkpx_ms53     1.784741        1.00000        0.00000    
 kpkpx_ms54     12.28792        1.00000        0.00000    
 kpkpx_ms55     73.06000        1.00000        0.00000    
 kpkpx_ms56     5.856442        1.00000        0.00000    
 kpkpx_ms57     9.665526        1.00000        0.00000    
 kpkpx_ms58     15.43228        1.00000        0.00000    
 kpkpx_ms59     13.35420        1.00000        0.00000    
 kpkpx_ms60     11.69033        1.00000        0.00000    
 kpkpx_ms61     11.18234        1.00000        0.00000    
 kpkpx_ms62     11.51699        1.00000        0.00000    
 kpkpx_ms63     30.43517        1.00000        0.00000    
 kpkpx_ms64     73.06000        1.00000        0.00000    
 kpkpx_ms65     38.91655        1.00000        0.00000    
 kpkpx_ms66     12.69171        1.00000        0.00000    
 kpkpx_ms67     5.590947        1.00000        0.00000    
 kpkpx_ms68     9.274770        1.00000        0.00000    
 kpkpx_ms69     7.859862        1.00000        0.00000    
 kpkpx_ms70     6.080158        1.00000        0.00000    
 kpkpx_ms71     9.049499        1.00000        0.00000    
 kpkpx_ms72     10.88867        1.00000        0.00000    
 kpkpx_ms73     73.06000        1.00000        0.00000    
 kpkpx_ms74     73.06000        1.00000        0.00000    
 kpkpx_ms75     73.06000        1.00000        0.00000    
 kpkpx_ms76     14.97925        1.00000        0.00000    
 kpkpx_ms77     6.873285        1.00000        0.00000    
 kpkpx_ms78     5.836310        1.00000        0.00000    
 kpkpx_ms79     8.557693        1.00000        0.00000    
 kpkpx_ms80     6.077932        1.00000        0.00000    
 kpkpx_ms81     7.882954        1.00000        0.00000    
 kpkpx_ms82     8.932767        1.00000        0.00000    
 kpkpx_ms83     72.59844        1.00000        0.00000    
 kpkpx_ms84     28.39415        1.00000        0.00000    
 kpkpx_ms85     8.421990        1.00000        0.00000    
 kpkpx_ms86     4.564723        1.00000        0.00000    
 kpkpx_ms87     6.556622        1.00000        0.00000    
 kpkpx_ms88     12.79874        1.00000        0.00000    
 kpkpx_ms89     5.683183        1.00000        0.00000    
 kpkpx_ms90     5.275145        1.00000        0.00000    
 kpkpx_ms91     5.551324        1.00000        0.00000    
 kpkpx_ms92     4.389098        1.00000        0.00000    
 kpkpx_ms93     14.05049        1.00000        0.00000    
 kpkpx_ms94     13.96194        1.00000        0.00000    
 kpkpx_ms95     16.18634        1.00000        0.00000    
 kpkpx_ms96     5.231615        1.00000        0.00000    
 kpkpx_ms97     9.838996        1.00000        0.00000    
 kpkpx_ms98     9.153084        1.00000        0.00000    
 kpkpx_ms99     8.291471        1.00000        0.00000    
 kzkpz_tc2     6.1496936E-02    1.00000        0.00000    
 kzkpz_tc3     6.0125783E-02    1.00000        0.00000    
 kzkpz_tc4     5.9492914E-02    1.00000        0.00000    
 kzkpz_tc7     6.5677397E-02    1.00000        0.00000    
 kzkpz_tc8     4.2578317E-02    1.00000        0.00000    
 kzkpz_tc9     6.6405553E-02    1.00000        0.00000    
 kzkpz_tc10    5.0646637E-02    1.00000        0.00000    
 kzkpz_tc11    5.6104862E-02    1.00000        0.00000    
 kzkpz_tc12    5.3473557E-02    1.00000        0.00000    
 kzkpz_tc13    6.4949908E-02    1.00000        0.00000    
 kzkpz_tc14    6.4945567E-02    1.00000        0.00000    
 kzkpz_tc15    4.8122217E-02    1.00000        0.00000    
 kzkpz_tc16    5.3374299E-02    1.00000        0.00000    
 kzkpz_tc17    6.1997347E-02    1.00000        0.00000    
 kzkpz_tc18    5.4082910E-02    1.00000        0.00000    
 kzkpz_tc19    4.8903092E-02    1.00000        0.00000    
 kzkpz_tc20    6.0107571E-02    1.00000        0.00000    
 kzkpz_tc21    0.1714041        1.00000        0.00000    
 kzkpz_tc22    6.5565417E-02    1.00000        0.00000    
 kzkpz_tc23    5.3401461E-02    1.00000        0.00000    
 kzkpz_tc24    6.1791241E-02    1.00000        0.00000    
 kzkpz_tc25    5.6319521E-02    1.00000        0.00000    
 kzkpz_tc27    6.8969117E-02    1.00000        0.00000    
 kzkpz_tc28    8.2598586E-02    1.00000        0.00000    
 kzkpz_tc29    5.5123366E-02    1.00000        0.00000    
 kzkpz_tc30    5.6519930E-02    1.00000        0.00000    
 kzkpz_tc31    4.9404432E-02    1.00000        0.00000    
 kzkpz_tc32    5.1930152E-02    1.00000        0.00000    
 kzkpz_tc33    5.2943204E-02    1.00000        0.00000    
 kzkpz_tc34    4.1577478E-02    1.00000        0.00000    
 kzkpz_tc35    1.5039387E-02    1.00000        0.00000    
 kzkpz_tc36    3.7537890E-02    1.00000        0.00000    
 kzkpz_tc37    4.6579283E-02    1.00000        0.00000    
 kzkpz_tc38    5.4501441E-02    1.00000        0.00000    
 kzkpz_tc39    5.3021774E-02    1.00000        0.00000    
 kzkpz_tc40    5.1499137E-02    1.00000        0.00000    
 kzkpz_tc41    5.1945510E-02    1.00000        0.00000    
 kzkpz_tc42    5.0176726E-02    1.00000        0.00000    
 kzkpz_tc43    4.9588425E-02    1.00000        0.00000    
 kzkpz_tc44    4.7485501E-02    1.00000        0.00000    
 kzkpz_tc45    2.7043173E-02    1.00000        0.00000    
 kzkpz_tc46    4.7595820E-02    1.00000        0.00000    
 kzkpz_tc47    4.7939768E-02    1.00000        0.00000    
 kzkpz_tc48    4.9163844E-02    1.00000        0.00000    
 kzkpz_tc49    5.0910767E-02    1.00000        0.00000    
 kzkpz_tc50    5.5891986E-02    1.00000        0.00000    
 kzkpz_tc52    5.3067319E-02    1.00000        0.00000    
 kzkpz_tc53    5.0078827E-02    1.00000        0.00000    
 kzkpz_tc54    5.2939745E-02    1.00000        0.00000    
 kzkpz_tc55    4.2446706E-02    1.00000        0.00000    
 kzkpz_tc56    4.2489303E-02    1.00000        0.00000    
 kzkpz_tc57    3.9456650E-02    1.00000        0.00000    
 kzkpz_tc58    4.3876142E-02    1.00000        0.00000    
 kzkpz_tc59    4.9066183E-02    1.00000        0.00000    
 kzkpz_ec1     0.1007992        1.00000        0.00000    
 kzkpz_ec2     0.1005009        1.00000        0.00000    
 kzkpz_ec4     0.1004950        1.00000        0.00000    
 kzkpz_ec5     9.9583767E-02    1.00000        0.00000    
 kzkpz_ec7     0.1002439        1.00000        0.00000    
 kzkpz_ec8     0.1007111        1.00000        0.00000    
 kzkpz_ec9     0.1004761        1.00000        0.00000    
 kzkpz_ec10    0.1005998        1.00000        0.00000    
 kzkpz_ec11    0.1001234        1.00000        0.00000    
 kzkpz_ec13    0.1002011        1.00000        0.00000    
 kzkpz_ec14    0.1000523        1.00000        0.00000    
 kzkpz_ec15    0.1016154        1.00000        0.00000    
 kzkpz_ec16    0.1006141        1.00000        0.00000    
 kzkpz_ec17    0.1004868        1.00000        0.00000    
 kzkpz_ec18    0.1000705        1.00000        0.00000    
 kzkpz_ww1     0.1021803        1.00000        0.00000    
 kzkpz_ww2     0.1014643        1.00000        0.00000    
 kzkpz_ww3     9.9648032E-02    1.00000        0.00000    
 kzkpz_ww4     9.9601529E-02    1.00000        0.00000    
 kzkpz_ww5     9.9863796E-02    1.00000        0.00000    
 kzkpz_ww6     9.9392696E-02    1.00000        0.00000    
 kzkpz_ww7     9.9993987E-02    1.00000        0.00000    
 kzkpz_ww8     0.1000114        1.00000        0.00000    
 kzkpz_ww9     0.1010728        1.00000        0.00000    
 kzkpz_ww10    0.1011923        1.00000        0.00000    
 kzkpz_ww11    0.1012834        1.00000        0.00000    
 kzkpz_ww12    9.3859968E-02    1.00000        0.00000    
 kzkpz_ww13    0.1038339        1.00000        0.00000    
 kzkpz_ww14    9.9988104E-02    1.00000        0.00000    
 kzkpz_ww15    0.1000644        1.00000        0.00000    
 kzkpz_ww16    9.9929703E-02    1.00000        0.00000    
 kzkpz_ww17    0.1031134        1.00000        0.00000    
 kzkpz_ww18    0.1107653        1.00000        0.00000    
 kzkpz_ww19    0.1044738        1.00000        0.00000    
 kzkpz_ww20    0.1016228        1.00000        0.00000    
 kzkpz_ww21    0.1075693        1.00000        0.00000    
 kzkpz_ww22    0.1009668        1.00000        0.00000    
 kzkpz_ww23    9.8116949E-02    1.00000        0.00000    
 kzkpz_ww24    9.9542402E-02    1.00000        0.00000    
 kzkpz_ww25    9.7362424E-02    1.00000        0.00000    
 kzkpz_ww26    0.1015598        1.00000        0.00000    
 kzkpz_ww27    0.1010803        1.00000        0.00000    
 kzkpz_ww28    0.1052045        1.00000        0.00000    
 kzkpz_ww29    0.1052105        1.00000        0.00000    
 kzkpz_ww30    0.1022908        1.00000        0.00000    
 kzkpz_ww31    0.1004769        1.00000        0.00000    
 kzkpz_ww32    0.1010987        1.00000        0.00000    
 kzkpz_ww33    0.1002011        1.00000        0.00000    
 kzkpz_ww34    0.1000713        1.00000        0.00000    
 kzkpz_ww35    9.5518069E-02    1.00000        0.00000    
 kzkpz_ww36    9.7862690E-02    1.00000        0.00000    
 kzkpz_ww37    0.1002526        1.00000        0.00000    
 kzkpz_ww38    9.9308034E-02    1.00000        0.00000    
 kzkpz_ww39    9.7355152E-02    1.00000        0.00000    
 kzkpz_ww40    9.8948497E-02    1.00000        0.00000    
 kzkpz_ww41    0.1011554        1.00000        0.00000    
 kzkpz_ww42    9.8294692E-02    1.00000        0.00000    
 kzkpz_ww43    9.9710672E-02    1.00000        0.00000    
 kzkpz_ww44    0.1005658        1.00000        0.00000    
 kzkpz_ww45    0.1003835        1.00000        0.00000    
 kzkpz_ww46    0.1005503        1.00000        0.00000    
 kzkpz_ww47    0.1004629        1.00000        0.00000    
 kzkpz_ww48    9.6503033E-02    1.00000        0.00000    
 kzkpz_ww49    9.0080191E-02    1.00000        0.00000    
 kzkpz_ww50    8.2523522E-02    1.00000        0.00000    
 kzkpz_ww51    6.1105184E-02    1.00000        0.00000    
 kzkpz_ww52    9.1883561E-02    1.00000        0.00000    
 kzkpz_ww53    0.1008665        1.00000        0.00000    
 kzkpz_ww54    0.1014839        1.00000        0.00000    
 kzkpz_ww55    0.1017307        1.00000        0.00000    
 kzkpz_ww56    9.9246607E-02    1.00000        0.00000    
 kzkpz_ww57    0.1010098        1.00000        0.00000    
 kzkpz_ww58    0.1004230        1.00000        0.00000    
 kzkpz_ww59    9.5595701E-02    1.00000        0.00000    
 kzkpz_ww60    9.6813616E-02    1.00000        0.00000    
 kzkpz_ww61    0.1073378        1.00000        0.00000    
 kzkpz_ww62    6.6310184E-02    1.00000        0.00000    
 kzkpz_ww63    9.6534618E-02    1.00000        0.00000    
 kzkpz_ww64    9.0313208E-02    1.00000        0.00000    
 kzkpz_ww65    0.1024845        1.00000        0.00000    
 kzkpz_ww66    0.1007808        1.00000        0.00000    
 kzkpz_ww67    9.9958230E-02    1.00000        0.00000    
 kzkpz_ww68    0.1043879        1.00000        0.00000    
 kzkpz_ww69    0.1019803        1.00000        0.00000    
 kzkpz_ww70    9.9532648E-02    1.00000        0.00000    
 kzkpz_ww71    8.8556043E-02    1.00000        0.00000    
 kzkpz_ww72    7.0662733E-02    1.00000        0.00000    
 kzkpz_ww73    9.4297234E-02    1.00000        0.00000    
 kzkpz_ww74    0.1001178        1.00000        0.00000    
 kzkpz_ww75    0.1007002        1.00000        0.00000    
 kzkpz_ww76    0.1011005        1.00000        0.00000    
 kzkpz_ww77    0.1001678        1.00000        0.00000    
 kzkpz_ww78    0.1002033        1.00000        0.00000    
 kzkpz_ww79    0.1015379        1.00000        0.00000    
 kzkpz_ww80    0.1014693        1.00000        0.00000    
 kzkpz_ww81    9.7977392E-02    1.00000        0.00000    
 kzkpz_ww82    9.8465876E-02    1.00000        0.00000    
 kzkpz_ww83    7.6291111E-02    1.00000        0.00000    
 kzkpz_ww84    9.9136579E-02    1.00000        0.00000    
 kzkpz_ww85    9.9186598E-02    1.00000        0.00000    
 kzkpz_ww86    9.9583168E-02    1.00000        0.00000    
 kzkpz_ww87    0.1002336        1.00000        0.00000    
 kzkpz_ww88    0.1016019        1.00000        0.00000    
 kzkpz_ww89    9.9932169E-02    1.00000        0.00000    
 kzkpz_ww90    0.1031713        1.00000        0.00000    
 kzkpz_ww91    0.1016640        1.00000        0.00000    
 kzkpz_ww92    9.8957664E-02    1.00000        0.00000    
 kzkpz_ww93    9.9290538E-02    1.00000        0.00000    
 kzkpz_ww94    9.5628988E-02    1.00000        0.00000    
 kzkpz_ww95    9.3729037E-02    1.00000        0.00000    
 kzkpz_ww96    9.7117987E-02    1.00000        0.00000    
 kzkpz_ww97    9.6203418E-02    1.00000        0.00000    
 kzkpz_ww98    9.9277211E-02    1.00000        0.00000    
 kzkpz_ww99    0.1004482        1.00000        0.00000    
 kzkpz_ms1     0.1023265        1.00000        0.00000    
 kzkpz_ms2     0.1003209        1.00000        0.00000    
 kzkpz_ms3     9.9453064E-02    1.00000        0.00000    
 kzkpz_ms4     9.9598196E-02    1.00000        0.00000    
 kzkpz_ms5     9.9816490E-02    1.00000        0.00000    
 kzkpz_ms6     9.9046267E-02    1.00000        0.00000    
 kzkpz_ms7     9.9693787E-02    1.00000        0.00000    
 kzkpz_ms8     0.1000372        1.00000        0.00000    
 kzkpz_ms9     0.1006616        1.00000        0.00000    
 kzkpz_ms10    0.1011069        1.00000        0.00000    
 kzkpz_ms11    0.1012258        1.00000        0.00000    
 kzkpz_ms12    9.0793183E-02    1.00000        0.00000    
 kzkpz_ms13    9.9372692E-02    1.00000        0.00000    
 kzkpz_ms14    9.9757268E-02    1.00000        0.00000    
 kzkpz_ms15    0.1001686        1.00000        0.00000    
 kzkpz_ms16    9.9720231E-02    1.00000        0.00000    
 kzkpz_ms17    0.1024496        1.00000        0.00000    
 kzkpz_ms18    0.1042062        1.00000        0.00000    
 kzkpz_ms19    0.1041414        1.00000        0.00000    
 kzkpz_ms20    0.1014955        1.00000        0.00000    
 kzkpz_ms21    0.1080012        1.00000        0.00000    
 kzkpz_ms22    0.1008077        1.00000        0.00000    
 kzkpz_ms23    9.3904576E-02    1.00000        0.00000    
 kzkpz_ms24    9.4889849E-02    1.00000        0.00000    
 kzkpz_ms25    9.6864463E-02    1.00000        0.00000    
 kzkpz_ms26    0.1020377        1.00000        0.00000    
 kzkpz_ms27    0.1014026        1.00000        0.00000    
 kzkpz_ms28    0.1040802        1.00000        0.00000    
 kzkpz_ms29    0.1030385        1.00000        0.00000    
 kzkpz_ms30    0.1036959        1.00000        0.00000    
 kzkpz_ms31    0.1008643        1.00000        0.00000    
 kzkpz_ms32    0.1012557        1.00000        0.00000    
 kzkpz_ms33    0.1002688        1.00000        0.00000    
 kzkpz_ms34    0.1007569        1.00000        0.00000    
 kzkpz_ms35    9.6188746E-02    1.00000        0.00000    
 kzkpz_ms36    9.7682418E-02    1.00000        0.00000    
 kzkpz_ms37    0.1004972        1.00000        0.00000    
 kzkpz_ms38    9.9848971E-02    1.00000        0.00000    
 kzkpz_ms39    9.9728361E-02    1.00000        0.00000    
 kzkpz_ms40    9.9767360E-02    1.00000        0.00000    
 kzkpz_ms41    9.9301320E-02    1.00000        0.00000    
 kzkpz_ms42    9.7410865E-02    1.00000        0.00000    
 kzkpz_ms43    9.9473998E-02    1.00000        0.00000    
 kzkpz_ms44    9.6518025E-02    1.00000        0.00000    
 kzkpz_ms45    0.1001155        1.00000        0.00000    
 kzkpz_ms46    0.1008652        1.00000        0.00000    
 kzkpz_ms47    0.1011334        1.00000        0.00000    
 kzkpz_ms48    9.7971496E-02    1.00000        0.00000    
 kzkpz_ms49    9.5123704E-02    1.00000        0.00000    
 kzkpz_ms50    9.4366175E-02    1.00000        0.00000    
 kzkpz_ms51    6.5946046E-02    1.00000        0.00000    
 kzkpz_ms52    9.2154852E-02    1.00000        0.00000    
 kzkpz_ms53    0.1009207        1.00000        0.00000    
 kzkpz_ms54    0.1012264        1.00000        0.00000    
 kzkpz_ms55    0.1029389        1.00000        0.00000    
 kzkpz_ms56    9.9710215E-02    1.00000        0.00000    
 kzkpz_ms57    9.9895230E-02    1.00000        0.00000    
 kzkpz_ms58    0.1007736        1.00000        0.00000    
 kzkpz_ms59    9.9584434E-02    1.00000        0.00000    
 kzkpz_ms60    9.7610491E-02    1.00000        0.00000    
 kzkpz_ms61    0.1004289        1.00000        0.00000    
 kzkpz_ms62    4.8317285E-02    1.00000        0.00000    
 kzkpz_ms63    9.7387653E-02    1.00000        0.00000    
 kzkpz_ms64    8.8916290E-02    1.00000        0.00000    
 kzkpz_ms65    0.1020061        1.00000        0.00000    
 kzkpz_ms66    0.1010249        1.00000        0.00000    
 kzkpz_ms67    9.9810644E-02    1.00000        0.00000    
 kzkpz_ms68    0.1010045        1.00000        0.00000    
 kzkpz_ms69    0.1011378        1.00000        0.00000    
 kzkpz_ms70    0.1002159        1.00000        0.00000    
 kzkpz_ms71    9.6921329E-02    1.00000        0.00000    
 kzkpz_ms72    0.1027322        1.00000        0.00000    
 kzkpz_ms73    0.1005412        1.00000        0.00000    
 kzkpz_ms74    0.1023118        1.00000        0.00000    
 kzkpz_ms75    0.1008086        1.00000        0.00000    
 kzkpz_ms76    0.1005153        1.00000        0.00000    
 kzkpz_ms77    0.1002278        1.00000        0.00000    
 kzkpz_ms78    0.1001500        1.00000        0.00000    
 kzkpz_ms79    9.6383847E-02    1.00000        0.00000    
 kzkpz_ms80    9.8829630E-02    1.00000        0.00000    
 kzkpz_ms81    9.7849121E-02    1.00000        0.00000    
 kzkpz_ms82    9.7370735E-02    1.00000        0.00000    
 kzkpz_ms83    8.7988579E-02    1.00000        0.00000    
 kzkpz_ms84    9.8461234E-02    1.00000        0.00000    
 kzkpz_ms85    9.9251233E-02    1.00000        0.00000    
 kzkpz_ms86    9.9582102E-02    1.00000        0.00000    
 kzkpz_ms87    0.1003073        1.00000        0.00000    
 kzkpz_ms88    0.1013875        1.00000        0.00000    
 kzkpz_ms89    9.9942236E-02    1.00000        0.00000    
 kzkpz_ms90    0.1014807        1.00000        0.00000    
 kzkpz_ms91    0.1002108        1.00000        0.00000    
 kzkpz_ms92    9.7343237E-02    1.00000        0.00000    
 kzkpz_ms93    9.6248643E-02    1.00000        0.00000    
 kzkpz_ms94    9.0158133E-02    1.00000        0.00000    
 kzkpz_ms95    9.4094559E-02    1.00000        0.00000    
 kzkpz_ms96    9.6238640E-02    1.00000        0.00000    
 kzkpz_ms97    9.6588280E-02    1.00000        0.00000    
 kzkpz_ms98    9.9872387E-02    1.00000        0.00000    
 kzkpz_ms99    0.1003271        1.00000        0.00000    
 kh_c           30.96148        1.00000        0.00000    
 kh_f           28.21313        1.00000        0.00000    
 kh_ghh         30.06389        1.00000        0.00000    
 kh_ghr         29.66566        1.00000        0.00000    
 kh_ghs         29.76047        1.00000        0.00000    
 kh_l           29.05616        1.00000        0.00000    
 kh_lo          29.48769        1.00000        0.00000    
 kh_lw          29.25195        1.00000        0.00000    
 kh_oh          30.19695        1.00000        0.00000    
 kh_p           30.12927        1.00000        0.00000    
 kh_po          29.87892        1.00000        0.00000    
 kh_ps          30.62575        1.00000        0.00000    
 kh_pw          30.16209        1.00000        0.00000    
 kh_r           30.38455        1.00000        0.00000    
 kh_s           30.23031        1.00000        0.00000    
 kh_sc          30.88659        1.00000        0.00000    
 kh_sd          30.62993        1.00000        0.00000    
 kh_sn          30.14111        1.00000        0.00000    
 kh_su          30.14910        1.00000        0.00000    
 kh_w           30.28150        1.00000        0.00000    
 kh_wat         30.03386        1.00000        0.00000    
 kh_ca2         30.02109        1.00000        0.00000    
 kh_hp          32.92220        1.00000        0.00000    
 kh_ca          30.33684        1.00000        0.00000    
 kh_cr          37.87325        1.00000        0.00000    
 kh_gg          30.13758        1.00000        0.00000    
 kh_lca         30.80576        1.00000        0.00000    
 kv_c          9.9872511E-02    1.00000        0.00000    
 kv_f          9.9976666E-02    1.00000        0.00000    
 kv_ghh        0.1001095        1.00000        0.00000    
 kv_ghr        0.1004455        1.00000        0.00000    
 kv_ghs        9.9822575E-02    1.00000        0.00000    
 kv_l          9.9912453E-02    1.00000        0.00000    
 kv_lo         9.9975511E-02    1.00000        0.00000    
 kv_lw         9.9982825E-02    1.00000        0.00000    
 kv_oh         9.9997582E-02    1.00000        0.00000    
 kv_p          9.9614782E-02    1.00000        0.00000    
 kv_po         0.1004931        1.00000        0.00000    
 kv_ps         0.1000516        1.00000        0.00000    
 kv_pw         9.9260318E-02    1.00000        0.00000    
 kv_r          9.8986780E-02    1.00000        0.00000    
 kv_s          9.9756596E-02    1.00000        0.00000    
 kv_sc         9.9776296E-02    1.00000        0.00000    
 kv_sd         9.9927416E-02    1.00000        0.00000    
 kv_sn         9.9985155E-02    1.00000        0.00000    
 kv_su         9.9437052E-02    1.00000        0.00000    
 kv_w          0.1000337        1.00000        0.00000    
 kv_wat        0.1002207        1.00000        0.00000    
 kv_ca2        9.9660054E-02    1.00000        0.00000    
 kv_hp         9.9856911E-02    1.00000        0.00000    
 kv_ca         9.9737002E-02    1.00000        0.00000    
 kv_cr         0.1003762        1.00000        0.00000    
 kv_gg         9.9978094E-02    1.00000        0.00000    
 kv_lca        0.1000281        1.00000        0.00000    
 r_col         0.9999672        1.00000        0.00000    
 r_ca          0.9999998        1.00000        0.00000    
 r_hp          0.9999912        1.00000        0.00000    
 r_ca2         0.9999522        1.00000        0.00000    
 r_cr          0.9999990        1.00000        0.00000    
 r_gg           1.000023        1.00000        0.00000    
 r_lc           1.000010        1.00000        0.00000    
 sfrc           47.36063        1.00000        0.00000    
 wr_drnc        1.001456        1.00000        0.00000    
