single point
 kpkpx_tc2      4.055692        1.00000        0.00000    
 kpkpx_tc3      7.201424        1.00000        0.00000    
 kpkpx_tc4      3.953641        1.00000        0.00000    
 kpkpx_tc7      3.780227        1.00000        0.00000    
 kpkpx_tc8      2.980220        1.00000        0.00000    
 kpkpx_tc9      4.122499        1.00000        0.00000    
 kpkpx_tc10     1.820725        1.00000        0.00000    
 kpkpx_tc11     4.577856        1.00000        0.00000    
 kpkpx_tc12     3.535129        1.00000        0.00000    
 kpkpx_tc13     5.595131        1.00000        0.00000    
 kpkpx_tc14     5.875694        1.00000        0.00000    
 kpkpx_tc15     3.308314        1.00000        0.00000    
 kpkpx_tc16     2.550751        1.00000        0.00000    
 kpkpx_tc17     2.748016        1.00000        0.00000    
 kpkpx_tc18     5.022352        1.00000        0.00000    
 kpkpx_tc19     9.131862        1.00000        0.00000    
 kpkpx_tc20     1.266245        1.00000        0.00000    
 kpkpx_tc21     1.902742        1.00000        0.00000    
 kpkpx_tc22     1.809090        1.00000        0.00000    
 kpkpx_tc23     2.293033        1.00000        0.00000    
 kpkpx_tc24     5.487659        1.00000        0.00000    
 kpkpx_tc25     5.194361        1.00000        0.00000    
 kpkpx_tc27     1.017997        1.00000        0.00000    
 kpkpx_tc28     3.515532        1.00000        0.00000    
 kpkpx_tc29     2.083494        1.00000        0.00000    
 kpkpx_tc30     2.943454        1.00000        0.00000    
 kpkpx_tc31     7.717652        1.00000        0.00000    
 kpkpx_tc32     3.419027        1.00000        0.00000    
 kpkpx_tc33     2.257197        1.00000        0.00000    
 kpkpx_tc34     1.804887        1.00000        0.00000    
 kpkpx_tc35    0.7245978        1.00000        0.00000    
 kpkpx_tc36     1.300664        1.00000        0.00000    
 kpkpx_tc37     3.416575        1.00000        0.00000    
 kpkpx_tc38     4.117005        1.00000        0.00000    
 kpkpx_tc39     4.835017        1.00000        0.00000    
 kpkpx_tc40     1.796752        1.00000        0.00000    
 kpkpx_tc41     2.568550        1.00000        0.00000    
 kpkpx_tc42     2.397350        1.00000        0.00000    
 kpkpx_tc43     2.420265        1.00000        0.00000    
 kpkpx_tc44     2.089865        1.00000        0.00000    
 kpkpx_tc45     1.094238        1.00000        0.00000    
 kpkpx_tc46     3.226231        1.00000        0.00000    
 kpkpx_tc47     2.538518        1.00000        0.00000    
 kpkpx_tc48     2.225447        1.00000        0.00000    
 kpkpx_tc49     2.951893        1.00000        0.00000    
 kpkpx_tc50     4.171385        1.00000        0.00000    
 kpkpx_tc52     2.661217        1.00000        0.00000    
 kpkpx_tc53     2.249766        1.00000        0.00000    
 kpkpx_tc54     2.424709        1.00000        0.00000    
 kpkpx_tc55     2.064752        1.00000        0.00000    
 kpkpx_tc56     1.676094        1.00000        0.00000    
 kpkpx_tc57     2.125544        1.00000        0.00000    
 kpkpx_tc58     2.607280        1.00000        0.00000    
 kpkpx_tc59     3.020932        1.00000        0.00000    
 kpkpx_ec1      7.407805        1.00000        0.00000    
 kpkpx_ec2      6.907242        1.00000        0.00000    
 kpkpx_ec4      6.792643        1.00000        0.00000    
 kpkpx_ec5      7.054530        1.00000        0.00000    
 kpkpx_ec7      6.811481        1.00000        0.00000    
 kpkpx_ec8      6.891538        1.00000        0.00000    
 kpkpx_ec9      6.875325        1.00000        0.00000    
 kpkpx_ec10     6.848632        1.00000        0.00000    
 kpkpx_ec11     6.726483        1.00000        0.00000    
 kpkpx_ec13     6.779025        1.00000        0.00000    
 kpkpx_ec14     6.681810        1.00000        0.00000    
 kpkpx_ec15     6.786840        1.00000        0.00000    
 kpkpx_ec16     6.641797        1.00000        0.00000    
 kpkpx_ec17     6.821707        1.00000        0.00000    
 kpkpx_ec18     6.850009        1.00000        0.00000    
 kpkpx_ww1      10.02792        1.00000        0.00000    
 kpkpx_ww2      5.537806        1.00000        0.00000    
 kpkpx_ww3      4.089603        1.00000        0.00000    
 kpkpx_ww4      4.429110        1.00000        0.00000    
 kpkpx_ww5      4.638671        1.00000        0.00000    
 kpkpx_ww6      4.980821        1.00000        0.00000    
 kpkpx_ww7      4.930548        1.00000        0.00000    
 kpkpx_ww8      5.413202        1.00000        0.00000    
 kpkpx_ww9      6.699012        1.00000        0.00000    
 kpkpx_ww10     7.672251        1.00000        0.00000    
 kpkpx_ww11     8.429120        1.00000        0.00000    
 kpkpx_ww12     4.818101        1.00000        0.00000    
 kpkpx_ww13     5.084226        1.00000        0.00000    
 kpkpx_ww14     5.397080        1.00000        0.00000    
 kpkpx_ww15     5.250340        1.00000        0.00000    
 kpkpx_ww16     5.302721        1.00000        0.00000    
 kpkpx_ww17     7.346348        1.00000        0.00000    
 kpkpx_ww18     9.947169        1.00000        0.00000    
 kpkpx_ww19     6.699197        1.00000        0.00000    
 kpkpx_ww20     7.610033        1.00000        0.00000    
 kpkpx_ww21     7.467611        1.00000        0.00000    
 kpkpx_ww22     5.256828        1.00000        0.00000    
 kpkpx_ww23     5.029974        1.00000        0.00000    
 kpkpx_ww24     5.867090        1.00000        0.00000    
 kpkpx_ww25     5.154645        1.00000        0.00000    
 kpkpx_ww26     6.993042        1.00000        0.00000    
 kpkpx_ww27     6.027792        1.00000        0.00000    
 kpkpx_ww28     6.281268        1.00000        0.00000    
 kpkpx_ww29     7.264126        1.00000        0.00000    
 kpkpx_ww30     9.938789        1.00000        0.00000    
 kpkpx_ww31     5.557121        1.00000        0.00000    
 kpkpx_ww32     7.174380        1.00000        0.00000    
 kpkpx_ww33     5.742388        1.00000        0.00000    
 kpkpx_ww34     4.820146        1.00000        0.00000    
 kpkpx_ww35     3.676554        1.00000        0.00000    
 kpkpx_ww36     4.054233        1.00000        0.00000    
 kpkpx_ww37     5.179955        1.00000        0.00000    
 kpkpx_ww38     4.702227        1.00000        0.00000    
 kpkpx_ww39     4.821291        1.00000        0.00000    
 kpkpx_ww40     6.959959        1.00000        0.00000    
 kpkpx_ww41     3.797162        1.00000        0.00000    
 kpkpx_ww42     4.376467        1.00000        0.00000    
 kpkpx_ww43     6.118207        1.00000        0.00000    
 kpkpx_ww44     5.229575        1.00000        0.00000    
 kpkpx_ww45     4.755641        1.00000        0.00000    
 kpkpx_ww46     5.230758        1.00000        0.00000    
 kpkpx_ww47     5.169475        1.00000        0.00000    
 kpkpx_ww48     7.818304        1.00000        0.00000    
 kpkpx_ww49     4.002235        1.00000        0.00000    
 kpkpx_ww50     1.645300        1.00000        0.00000    
 kpkpx_ww51    0.2800000        1.00000        0.00000    
 kpkpx_ww52     4.847891        1.00000        0.00000    
 kpkpx_ww53     3.784712        1.00000        0.00000    
 kpkpx_ww54     6.862339        1.00000        0.00000    
 kpkpx_ww55     9.523727        1.00000        0.00000    
 kpkpx_ww56     5.767141        1.00000        0.00000    
 kpkpx_ww57     98.33000        1.00000        0.00000    
 kpkpx_ww58     9.487544        1.00000        0.00000    
 kpkpx_ww59     5.691568        1.00000        0.00000    
 kpkpx_ww60     8.342982        1.00000        0.00000    
 kpkpx_ww61    0.9111348        1.00000        0.00000    
 kpkpx_ww62     1.340583        1.00000        0.00000    
 kpkpx_ww63     8.518320        1.00000        0.00000    
 kpkpx_ww64     5.909674        1.00000        0.00000    
 kpkpx_ww65     8.502712        1.00000        0.00000    
 kpkpx_ww66     6.634986        1.00000        0.00000    
 kpkpx_ww67     4.898369        1.00000        0.00000    
 kpkpx_ww68     7.717724        1.00000        0.00000    
 kpkpx_ww69     7.134729        1.00000        0.00000    
 kpkpx_ww70     4.596348        1.00000        0.00000    
 kpkpx_ww71     5.999237        1.00000        0.00000    
 kpkpx_ww72     4.880185        1.00000        0.00000    
 kpkpx_ww73     5.191983        1.00000        0.00000    
 kpkpx_ww74     8.519493        1.00000        0.00000    
 kpkpx_ww75     9.946035        1.00000        0.00000    
 kpkpx_ww76     6.637951        1.00000        0.00000    
 kpkpx_ww77     5.221231        1.00000        0.00000    
 kpkpx_ww78     4.974009        1.00000        0.00000    
 kpkpx_ww79     5.120589        1.00000        0.00000    
 kpkpx_ww80     4.806119        1.00000        0.00000    
 kpkpx_ww81     4.586923        1.00000        0.00000    
 kpkpx_ww82     4.091473        1.00000        0.00000    
 kpkpx_ww83     5.209208        1.00000        0.00000    
 kpkpx_ww84     5.908020        1.00000        0.00000    
 kpkpx_ww85     5.315599        1.00000        0.00000    
 kpkpx_ww86     4.272631        1.00000        0.00000    
 kpkpx_ww87     5.201441        1.00000        0.00000    
 kpkpx_ww88     7.389296        1.00000        0.00000    
 kpkpx_ww89     4.831339        1.00000        0.00000    
 kpkpx_ww90     4.965690        1.00000        0.00000    
 kpkpx_ww91     4.738200        1.00000        0.00000    
 kpkpx_ww92     4.126026        1.00000        0.00000    
 kpkpx_ww93     4.930070        1.00000        0.00000    
 kpkpx_ww94     2.995926        1.00000        0.00000    
 kpkpx_ww95     4.583021        1.00000        0.00000    
 kpkpx_ww96     3.405346        1.00000        0.00000    
 kpkpx_ww97     5.294611        1.00000        0.00000    
 kpkpx_ww98     5.637683        1.00000        0.00000    
 kpkpx_ww99     5.844138        1.00000        0.00000    
 kpkpx_ms1      49.56423        1.00000        0.00000    
 kpkpx_ms2      7.925885        1.00000        0.00000    
 kpkpx_ms3      3.738465        1.00000        0.00000    
 kpkpx_ms4      3.515502        1.00000        0.00000    
 kpkpx_ms5      5.195790        1.00000        0.00000    
 kpkpx_ms6      6.333221        1.00000        0.00000    
 kpkpx_ms7      6.182235        1.00000        0.00000    
 kpkpx_ms8      6.299297        1.00000        0.00000    
 kpkpx_ms9      13.21932        1.00000        0.00000    
 kpkpx_ms10     50.21354        1.00000        0.00000    
 kpkpx_ms11     6.452538        1.00000        0.00000    
 kpkpx_ms12     13.33464        1.00000        0.00000    
 kpkpx_ms13     6.475199        1.00000        0.00000    
 kpkpx_ms14     6.851344        1.00000        0.00000    
 kpkpx_ms15     7.734950        1.00000        0.00000    
 kpkpx_ms16     7.161182        1.00000        0.00000    
 kpkpx_ms17     19.96339        1.00000        0.00000    
 kpkpx_ms18     44.69456        1.00000        0.00000    
 kpkpx_ms19     73.06000        1.00000        0.00000    
 kpkpx_ms20     25.99417        1.00000        0.00000    
 kpkpx_ms21     24.46792        1.00000        0.00000    
 kpkpx_ms22     7.318162        1.00000        0.00000    
 kpkpx_ms23     9.893196        1.00000        0.00000    
 kpkpx_ms24     15.75450        1.00000        0.00000    
 kpkpx_ms25     10.17856        1.00000        0.00000    
 kpkpx_ms26     22.69988        1.00000        0.00000    
 kpkpx_ms27     16.29129        1.00000        0.00000    
 kpkpx_ms28     7.671089        1.00000        0.00000    
 kpkpx_ms29     73.06000        1.00000        0.00000    
 kpkpx_ms30     40.75845        1.00000        0.00000    
 kpkpx_ms31     10.51020        1.00000        0.00000    
 kpkpx_ms32     25.17949        1.00000        0.00000    
 kpkpx_ms33     10.51477        1.00000        0.00000    
 kpkpx_ms34     6.905753        1.00000        0.00000    
 kpkpx_ms35     2.942822        1.00000        0.00000    
 kpkpx_ms36     4.027793        1.00000        0.00000    
 kpkpx_ms37     6.498260        1.00000        0.00000    
 kpkpx_ms38     2.447843        1.00000        0.00000    
 kpkpx_ms39     5.029665        1.00000        0.00000    
 kpkpx_ms40     7.977922        1.00000        0.00000    
 kpkpx_ms41     6.592935        1.00000        0.00000    
 kpkpx_ms42     5.224343        1.00000        0.00000    
 kpkpx_ms43     17.09960        1.00000        0.00000    
 kpkpx_ms44     24.82658        1.00000        0.00000    
 kpkpx_ms45     6.223046        1.00000        0.00000    
 kpkpx_ms46     7.307031        1.00000        0.00000    
 kpkpx_ms47     73.06000        1.00000        0.00000    
 kpkpx_ms48    0.5437901        1.00000        0.00000    
 kpkpx_ms49    0.3200000        1.00000        0.00000    
 kpkpx_ms50     50.68522        1.00000        0.00000    
 kpkpx_ms51     73.06000        1.00000        0.00000    
 kpkpx_ms52     73.06000        1.00000        0.00000    
 kpkpx_ms53     3.227034        1.00000        0.00000    
 kpkpx_ms54     15.80485        1.00000        0.00000    
 kpkpx_ms55     73.06000        1.00000        0.00000    
 kpkpx_ms56     5.614641        1.00000        0.00000    
 kpkpx_ms57     5.812742        1.00000        0.00000    
 kpkpx_ms58     10.05010        1.00000        0.00000    
 kpkpx_ms59     9.697040        1.00000        0.00000    
 kpkpx_ms60     13.32475        1.00000        0.00000    
 kpkpx_ms61     10.41383        1.00000        0.00000    
 kpkpx_ms62     13.31651        1.00000        0.00000    
 kpkpx_ms63     17.20133        1.00000        0.00000    
 kpkpx_ms64     73.06000        1.00000        0.00000    
 kpkpx_ms65     44.24189        1.00000        0.00000    
 kpkpx_ms66     17.74190        1.00000        0.00000    
 kpkpx_ms67     5.496302        1.00000        0.00000    
 kpkpx_ms68     9.403840        1.00000        0.00000    
 kpkpx_ms69     7.734410        1.00000        0.00000    
 kpkpx_ms70     5.754641        1.00000        0.00000    
 kpkpx_ms71     10.07387        1.00000        0.00000    
 kpkpx_ms72     10.00508        1.00000        0.00000    
 kpkpx_ms73     73.06000        1.00000        0.00000    
 kpkpx_ms74     73.06000        1.00000        0.00000    
 kpkpx_ms75     73.06000        1.00000        0.00000    
 kpkpx_ms76     18.50595        1.00000        0.00000    
 kpkpx_ms77     7.494003        1.00000        0.00000    
 kpkpx_ms78     5.896027        1.00000        0.00000    
 kpkpx_ms79     8.603449        1.00000        0.00000    
 kpkpx_ms80     6.215786        1.00000        0.00000    
 kpkpx_ms81     6.957001        1.00000        0.00000    
 kpkpx_ms82     5.905179        1.00000        0.00000    
 kpkpx_ms83     32.70280        1.00000        0.00000    
 kpkpx_ms84     20.70240        1.00000        0.00000    
 kpkpx_ms85     7.341730        1.00000        0.00000    
 kpkpx_ms86     4.128130        1.00000        0.00000    
 kpkpx_ms87     7.242095        1.00000        0.00000    
 kpkpx_ms88     21.84076        1.00000        0.00000    
 kpkpx_ms89     5.919748        1.00000        0.00000    
 kpkpx_ms90     5.544183        1.00000        0.00000    
 kpkpx_ms91     6.385893        1.00000        0.00000    
 kpkpx_ms92     4.641156        1.00000        0.00000    
 kpkpx_ms93     17.03051        1.00000        0.00000    
 kpkpx_ms94     7.635679        1.00000        0.00000    
 kpkpx_ms95     12.01025        1.00000        0.00000    
 kpkpx_ms96     2.507816        1.00000        0.00000    
 kpkpx_ms97     10.08429        1.00000        0.00000    
 kpkpx_ms98     11.74146        1.00000        0.00000    
 kpkpx_ms99     10.62904        1.00000        0.00000    
 kzkpz_tc2     6.0353678E-02    1.00000        0.00000    
 kzkpz_tc3     6.4927613E-02    1.00000        0.00000    
 kzkpz_tc4     6.0066021E-02    1.00000        0.00000    
 kzkpz_tc7     5.7074660E-02    1.00000        0.00000    
 kzkpz_tc8     3.5760800E-02    1.00000        0.00000    
 kzkpz_tc9     6.6788948E-02    1.00000        0.00000    
 kzkpz_tc10    4.6226046E-02    1.00000        0.00000    
 kzkpz_tc11    6.2101928E-02    1.00000        0.00000    
 kzkpz_tc12    5.4069678E-02    1.00000        0.00000    
 kzkpz_tc13    4.8968076E-02    1.00000        0.00000    
 kzkpz_tc14    5.5930545E-02    1.00000        0.00000    
 kzkpz_tc15    4.6675285E-02    1.00000        0.00000    
 kzkpz_tc16    4.8428543E-02    1.00000        0.00000    
 kzkpz_tc17    5.6293282E-02    1.00000        0.00000    
 kzkpz_tc18    5.2457678E-02    1.00000        0.00000    
 kzkpz_tc19    3.9256344E-02    1.00000        0.00000    
 kzkpz_tc20    5.9224779E-02    1.00000        0.00000    
 kzkpz_tc21    0.1547632        1.00000        0.00000    
 kzkpz_tc22    5.5445165E-02    1.00000        0.00000    
 kzkpz_tc23    4.8637581E-02    1.00000        0.00000    
 kzkpz_tc24    6.9365171E-02    1.00000        0.00000    
 kzkpz_tc25    6.4104257E-02    1.00000        0.00000    
 kzkpz_tc27    6.6348653E-02    1.00000        0.00000    
 kzkpz_tc28    8.4641926E-02    1.00000        0.00000    
 kzkpz_tc29    5.1175338E-02    1.00000        0.00000    
 kzkpz_tc30    5.2954828E-02    1.00000        0.00000    
 kzkpz_tc31    5.3986582E-02    1.00000        0.00000    
 kzkpz_tc32    5.5285739E-02    1.00000        0.00000    
 kzkpz_tc33    5.0968571E-02    1.00000        0.00000    
 kzkpz_tc34    3.6577732E-02    1.00000        0.00000    
 kzkpz_tc35    1.4582738E-02    1.00000        0.00000    
 kzkpz_tc36    3.7725017E-02    1.00000        0.00000    
 kzkpz_tc37    4.7602883E-02    1.00000        0.00000    
 kzkpz_tc38    5.0991361E-02    1.00000        0.00000    
 kzkpz_tc39    5.1648206E-02    1.00000        0.00000    
 kzkpz_tc40    5.2050933E-02    1.00000        0.00000    
 kzkpz_tc41    5.1261193E-02    1.00000        0.00000    
 kzkpz_tc42    5.0106644E-02    1.00000        0.00000    
 kzkpz_tc43    4.9507502E-02    1.00000        0.00000    
 kzkpz_tc44    4.6981360E-02    1.00000        0.00000    
 kzkpz_tc45    2.6899606E-02    1.00000        0.00000    
 kzkpz_tc46    4.8587623E-02    1.00000        0.00000    
 kzkpz_tc47    5.2271731E-02    1.00000        0.00000    
 kzkpz_tc48    4.8444231E-02    1.00000        0.00000    
 kzkpz_tc49    4.9893672E-02    1.00000        0.00000    
 kzkpz_tc50    5.9880209E-02    1.00000        0.00000    
 kzkpz_tc52    5.2751942E-02    1.00000        0.00000    
 kzkpz_tc53    5.1038381E-02    1.00000        0.00000    
 kzkpz_tc54    5.5141622E-02    1.00000        0.00000    
 kzkpz_tc55    4.5270944E-02    1.00000        0.00000    
 kzkpz_tc56    4.0864950E-02    1.00000        0.00000    
 kzkpz_tc57    3.6152554E-02    1.00000        0.00000    
 kzkpz_tc58    3.9341597E-02    1.00000        0.00000    
 kzkpz_tc59    4.8326972E-02    1.00000        0.00000    
 kzkpz_ec1     0.1006953        1.00000        0.00000    
 kzkpz_ec2     0.1003929        1.00000        0.00000    
 kzkpz_ec4     0.1006787        1.00000        0.00000    
 kzkpz_ec5     9.9357165E-02    1.00000        0.00000    
 kzkpz_ec7     0.1005632        1.00000        0.00000    
 kzkpz_ec8     0.1007442        1.00000        0.00000    
 kzkpz_ec9     0.1004882        1.00000        0.00000    
 kzkpz_ec10    0.1005675        1.00000        0.00000    
 kzkpz_ec11    0.1000314        1.00000        0.00000    
 kzkpz_ec13    0.1001346        1.00000        0.00000    
 kzkpz_ec14    0.1000136        1.00000        0.00000    
 kzkpz_ec15    0.1015099        1.00000        0.00000    
 kzkpz_ec16    0.1005138        1.00000        0.00000    
 kzkpz_ec17    0.1003615        1.00000        0.00000    
 kzkpz_ec18    0.1000077        1.00000        0.00000    
 kzkpz_ww1     0.1056586        1.00000        0.00000    
 kzkpz_ww2     0.1044288        1.00000        0.00000    
 kzkpz_ww3     0.1005968        1.00000        0.00000    
 kzkpz_ww4     9.9567105E-02    1.00000        0.00000    
 kzkpz_ww5     0.1000080        1.00000        0.00000    
 kzkpz_ww6     0.1003036        1.00000        0.00000    
 kzkpz_ww7     0.1005060        1.00000        0.00000    
 kzkpz_ww8     0.1004469        1.00000        0.00000    
 kzkpz_ww9     0.1014699        1.00000        0.00000    
 kzkpz_ww10    0.1026211        1.00000        0.00000    
 kzkpz_ww11    0.1019007        1.00000        0.00000    
 kzkpz_ww12    9.3915710E-02    1.00000        0.00000    
 kzkpz_ww13    0.1023217        1.00000        0.00000    
 kzkpz_ww14    0.1006380        1.00000        0.00000    
 kzkpz_ww15    0.1015830        1.00000        0.00000    
 kzkpz_ww16    0.1029628        1.00000        0.00000    
 kzkpz_ww17    0.1033383        1.00000        0.00000    
 kzkpz_ww18    0.1125642        1.00000        0.00000    
 kzkpz_ww19    0.1036188        1.00000        0.00000    
 kzkpz_ww20    0.1008468        1.00000        0.00000    
 kzkpz_ww21    0.1068350        1.00000        0.00000    
 kzkpz_ww22    0.1014367        1.00000        0.00000    
 kzkpz_ww23    9.8355759E-02    1.00000        0.00000    
 kzkpz_ww24    9.9502649E-02    1.00000        0.00000    
 kzkpz_ww25    9.6528052E-02    1.00000        0.00000    
 kzkpz_ww26    0.1051285        1.00000        0.00000    
 kzkpz_ww27    0.1034837        1.00000        0.00000    
 kzkpz_ww28    0.1051329        1.00000        0.00000    
 kzkpz_ww29    0.1032096        1.00000        0.00000    
 kzkpz_ww30    0.1008780        1.00000        0.00000    
 kzkpz_ww31    0.1006110        1.00000        0.00000    
 kzkpz_ww32    0.1011674        1.00000        0.00000    
 kzkpz_ww33    0.1004579        1.00000        0.00000    
 kzkpz_ww34    9.8721517E-02    1.00000        0.00000    
 kzkpz_ww35    9.5913027E-02    1.00000        0.00000    
 kzkpz_ww36    9.7552795E-02    1.00000        0.00000    
 kzkpz_ww37    0.1013089        1.00000        0.00000    
 kzkpz_ww38    9.8891248E-02    1.00000        0.00000    
 kzkpz_ww39    9.7230118E-02    1.00000        0.00000    
 kzkpz_ww40    9.7122794E-02    1.00000        0.00000    
 kzkpz_ww41    9.4918235E-02    1.00000        0.00000    
 kzkpz_ww42    9.6634023E-02    1.00000        0.00000    
 kzkpz_ww43    9.8748519E-02    1.00000        0.00000    
 kzkpz_ww44    0.1006609        1.00000        0.00000    
 kzkpz_ww45    0.1002022        1.00000        0.00000    
 kzkpz_ww46    0.1018694        1.00000        0.00000    
 kzkpz_ww47    0.1002800        1.00000        0.00000    
 kzkpz_ww48    9.7096461E-02    1.00000        0.00000    
 kzkpz_ww49    9.0206532E-02    1.00000        0.00000    
 kzkpz_ww50    8.3485551E-02    1.00000        0.00000    
 kzkpz_ww51    6.0290254E-02    1.00000        0.00000    
 kzkpz_ww52    8.7407157E-02    1.00000        0.00000    
 kzkpz_ww53    9.9189544E-02    1.00000        0.00000    
 kzkpz_ww54    0.1010227        1.00000        0.00000    
 kzkpz_ww55    0.1035645        1.00000        0.00000    
 kzkpz_ww56    9.9753781E-02    1.00000        0.00000    
 kzkpz_ww57    0.1000016        1.00000        0.00000    
 kzkpz_ww58    0.1001290        1.00000        0.00000    
 kzkpz_ww59    9.6488864E-02    1.00000        0.00000    
 kzkpz_ww60    9.6769044E-02    1.00000        0.00000    
 kzkpz_ww61    0.1054424        1.00000        0.00000    
 kzkpz_ww62    6.6259763E-02    1.00000        0.00000    
 kzkpz_ww63    9.5941946E-02    1.00000        0.00000    
 kzkpz_ww64    9.2827558E-02    1.00000        0.00000    
 kzkpz_ww65    0.1031111        1.00000        0.00000    
 kzkpz_ww66    0.1013252        1.00000        0.00000    
 kzkpz_ww67    0.1002287        1.00000        0.00000    
 kzkpz_ww68    0.1063418        1.00000        0.00000    
 kzkpz_ww69    0.1024747        1.00000        0.00000    
 kzkpz_ww70    9.9262381E-02    1.00000        0.00000    
 kzkpz_ww71    8.4863753E-02    1.00000        0.00000    
 kzkpz_ww72    7.0583019E-02    1.00000        0.00000    
 kzkpz_ww73    9.3757966E-02    1.00000        0.00000    
 kzkpz_ww74    0.1012506        1.00000        0.00000    
 kzkpz_ww75    0.1015520        1.00000        0.00000    
 kzkpz_ww76    0.1012068        1.00000        0.00000    
 kzkpz_ww77    0.1002580        1.00000        0.00000    
 kzkpz_ww78    0.1002424        1.00000        0.00000    
 kzkpz_ww79    0.1013561        1.00000        0.00000    
 kzkpz_ww80    0.1017130        1.00000        0.00000    
 kzkpz_ww81    9.8295284E-02    1.00000        0.00000    
 kzkpz_ww82    9.7694032E-02    1.00000        0.00000    
 kzkpz_ww83    7.6013033E-02    1.00000        0.00000    
 kzkpz_ww84    9.9369610E-02    1.00000        0.00000    
 kzkpz_ww85    9.9270710E-02    1.00000        0.00000    
 kzkpz_ww86    9.9533300E-02    1.00000        0.00000    
 kzkpz_ww87    0.1001262        1.00000        0.00000    
 kzkpz_ww88    0.1026569        1.00000        0.00000    
 kzkpz_ww89    0.1000602        1.00000        0.00000    
 kzkpz_ww90    0.1032595        1.00000        0.00000    
 kzkpz_ww91    0.1005084        1.00000        0.00000    
 kzkpz_ww92    9.8910031E-02    1.00000        0.00000    
 kzkpz_ww93    9.9519207E-02    1.00000        0.00000    
 kzkpz_ww94    9.5588950E-02    1.00000        0.00000    
 kzkpz_ww95    9.4220823E-02    1.00000        0.00000    
 kzkpz_ww96    9.6452340E-02    1.00000        0.00000    
 kzkpz_ww97    9.5384223E-02    1.00000        0.00000    
 kzkpz_ww98    9.8684955E-02    1.00000        0.00000    
 kzkpz_ww99    0.1007920        1.00000        0.00000    
 kzkpz_ms1     0.1059391        1.00000        0.00000    
 kzkpz_ms2     0.1035320        1.00000        0.00000    
 kzkpz_ms3     0.1000827        1.00000        0.00000    
 kzkpz_ms4     9.9508755E-02    1.00000        0.00000    
 kzkpz_ms5     0.1000091        1.00000        0.00000    
 kzkpz_ms6     0.1000141        1.00000        0.00000    
 kzkpz_ms7     0.1001708        1.00000        0.00000    
 kzkpz_ms8     0.1003574        1.00000        0.00000    
 kzkpz_ms9     0.1008223        1.00000        0.00000    
 kzkpz_ms10    0.1018246        1.00000        0.00000    
 kzkpz_ms11    0.1016707        1.00000        0.00000    
 kzkpz_ms12    9.1970952E-02    1.00000        0.00000    
 kzkpz_ms13    9.8770239E-02    1.00000        0.00000    
 kzkpz_ms14    0.1006823        1.00000        0.00000    
 kzkpz_ms15    0.1018967        1.00000        0.00000    
 kzkpz_ms16    0.1017259        1.00000        0.00000    
 kzkpz_ms17    0.1027707        1.00000        0.00000    
 kzkpz_ms18    0.1043934        1.00000        0.00000    
 kzkpz_ms19    0.1033246        1.00000        0.00000    
 kzkpz_ms20    0.1008664        1.00000        0.00000    
 kzkpz_ms21    0.1075937        1.00000        0.00000    
 kzkpz_ms22    0.1012819        1.00000        0.00000    
 kzkpz_ms23    9.5695333E-02    1.00000        0.00000    
 kzkpz_ms24    9.0584243E-02    1.00000        0.00000    
 kzkpz_ms25    9.6628911E-02    1.00000        0.00000    
 kzkpz_ms26    0.1054470        1.00000        0.00000    
 kzkpz_ms27    0.1040805        1.00000        0.00000    
 kzkpz_ms28    0.1038697        1.00000        0.00000    
 kzkpz_ms29    0.1014817        1.00000        0.00000    
 kzkpz_ms30    0.1016387        1.00000        0.00000    
 kzkpz_ms31    0.1011890        1.00000        0.00000    
 kzkpz_ms32    0.1029767        1.00000        0.00000    
 kzkpz_ms33    0.1009203        1.00000        0.00000    
 kzkpz_ms34    9.8790062E-02    1.00000        0.00000    
 kzkpz_ms35    9.4465970E-02    1.00000        0.00000    
 kzkpz_ms36    9.7559794E-02    1.00000        0.00000    
 kzkpz_ms37    0.1017974        1.00000        0.00000    
 kzkpz_ms38    9.8825193E-02    1.00000        0.00000    
 kzkpz_ms39    9.9263665E-02    1.00000        0.00000    
 kzkpz_ms40    9.8271591E-02    1.00000        0.00000    
 kzkpz_ms41    9.3919886E-02    1.00000        0.00000    
 kzkpz_ms42    9.5680613E-02    1.00000        0.00000    
 kzkpz_ms43    9.9046287E-02    1.00000        0.00000    
 kzkpz_ms44    9.5538746E-02    1.00000        0.00000    
 kzkpz_ms45    9.9936125E-02    1.00000        0.00000    
 kzkpz_ms46    0.1039252        1.00000        0.00000    
 kzkpz_ms47    0.1013942        1.00000        0.00000    
 kzkpz_ms48    9.8265844E-02    1.00000        0.00000    
 kzkpz_ms49    9.5669923E-02    1.00000        0.00000    
 kzkpz_ms50    9.6117777E-02    1.00000        0.00000    
 kzkpz_ms51    6.5630734E-02    1.00000        0.00000    
 kzkpz_ms52    8.8668324E-02    1.00000        0.00000    
 kzkpz_ms53    9.9184251E-02    1.00000        0.00000    
 kzkpz_ms54    0.1006584        1.00000        0.00000    
 kzkpz_ms55    0.1045082        1.00000        0.00000    
 kzkpz_ms56    9.9669218E-02    1.00000        0.00000    
 kzkpz_ms57    0.1002718        1.00000        0.00000    
 kzkpz_ms58    0.1007342        1.00000        0.00000    
 kzkpz_ms59    9.9603574E-02    1.00000        0.00000    
 kzkpz_ms60    9.7342475E-02    1.00000        0.00000    
 kzkpz_ms61    0.1005966        1.00000        0.00000    
 kzkpz_ms62    4.8778987E-02    1.00000        0.00000    
 kzkpz_ms63    9.6699955E-02    1.00000        0.00000    
 kzkpz_ms64    9.0680633E-02    1.00000        0.00000    
 kzkpz_ms65    0.1027663        1.00000        0.00000    
 kzkpz_ms66    0.1018172        1.00000        0.00000    
 kzkpz_ms67    9.9824628E-02    1.00000        0.00000    
 kzkpz_ms68    0.1014841        1.00000        0.00000    
 kzkpz_ms69    0.1013027        1.00000        0.00000    
 kzkpz_ms70    0.1004557        1.00000        0.00000    
 kzkpz_ms71    9.6480418E-02    1.00000        0.00000    
 kzkpz_ms72    0.1033823        1.00000        0.00000    
 kzkpz_ms73    0.1002580        1.00000        0.00000    
 kzkpz_ms74    0.1031099        1.00000        0.00000    
 kzkpz_ms75    0.1015279        1.00000        0.00000    
 kzkpz_ms76    0.1006790        1.00000        0.00000    
 kzkpz_ms77    0.1003622        1.00000        0.00000    
 kzkpz_ms78    0.1002333        1.00000        0.00000    
 kzkpz_ms79    9.4292165E-02    1.00000        0.00000    
 kzkpz_ms80    9.9797756E-02    1.00000        0.00000    
 kzkpz_ms81    9.8228220E-02    1.00000        0.00000    
 kzkpz_ms82    9.6947235E-02    1.00000        0.00000    
 kzkpz_ms83    8.9216538E-02    1.00000        0.00000    
 kzkpz_ms84    9.7771091E-02    1.00000        0.00000    
 kzkpz_ms85    9.9340538E-02    1.00000        0.00000    
 kzkpz_ms86    9.9536841E-02    1.00000        0.00000    
 kzkpz_ms87    0.1002938        1.00000        0.00000    
 kzkpz_ms88    0.1023856        1.00000        0.00000    
 kzkpz_ms89    0.1001009        1.00000        0.00000    
 kzkpz_ms90    0.1019282        1.00000        0.00000    
 kzkpz_ms91    9.9776536E-02    1.00000        0.00000    
 kzkpz_ms92    9.6951578E-02    1.00000        0.00000    
 kzkpz_ms93    9.5091771E-02    1.00000        0.00000    
 kzkpz_ms94    8.7426259E-02    1.00000        0.00000    
 kzkpz_ms95    9.4187178E-02    1.00000        0.00000    
 kzkpz_ms96    9.5337581E-02    1.00000        0.00000    
 kzkpz_ms97    9.6199263E-02    1.00000        0.00000    
 kzkpz_ms98    9.9452507E-02    1.00000        0.00000    
 kzkpz_ms99    0.1006159        1.00000        0.00000    
 kh_c           31.08893        1.00000        0.00000    
 kh_f           28.21807        1.00000        0.00000    
 kh_ghh         30.22696        1.00000        0.00000    
 kh_ghr         30.36018        1.00000        0.00000    
 kh_ghs         29.76595        1.00000        0.00000    
 kh_l           28.54039        1.00000        0.00000    
 kh_lo          30.25139        1.00000        0.00000    
 kh_lw          28.91245        1.00000        0.00000    
 kh_oh          30.10650        1.00000        0.00000    
 kh_p           30.09579        1.00000        0.00000    
 kh_po          29.96484        1.00000        0.00000    
 kh_ps          30.26975        1.00000        0.00000    
 kh_pw          30.17366        1.00000        0.00000    
 kh_r           30.26484        1.00000        0.00000    
 kh_s           30.30689        1.00000        0.00000    
 kh_sc          30.75488        1.00000        0.00000    
 kh_sd          30.74263        1.00000        0.00000    
 kh_sn          30.05981        1.00000        0.00000    
 kh_su          30.23613        1.00000        0.00000    
 kh_w           30.30660        1.00000        0.00000    
 kh_wat         30.21087        1.00000        0.00000    
 kh_ca2         30.25165        1.00000        0.00000    
 kh_hp          32.97651        1.00000        0.00000    
 kh_ca          29.71879        1.00000        0.00000    
 kh_cr          37.31597        1.00000        0.00000    
 kh_gg          30.21596        1.00000        0.00000    
 kh_lca         30.89899        1.00000        0.00000    
 kv_c          0.1000017        1.00000        0.00000    
 kv_f          9.9949424E-02    1.00000        0.00000    
 kv_ghh        9.9941976E-02    1.00000        0.00000    
 kv_ghr        0.1002059        1.00000        0.00000    
 kv_ghs        9.9807910E-02    1.00000        0.00000    
 kv_l          9.9938126E-02    1.00000        0.00000    
 kv_lo         0.1000203        1.00000        0.00000    
 kv_lw         9.9930624E-02    1.00000        0.00000    
 kv_oh         9.9964285E-02    1.00000        0.00000    
 kv_p          9.9772374E-02    1.00000        0.00000    
 kv_po         0.1001984        1.00000        0.00000    
 kv_ps         0.1002322        1.00000        0.00000    
 kv_pw         9.9487081E-02    1.00000        0.00000    
 kv_r          9.9741585E-02    1.00000        0.00000    
 kv_s          9.9699782E-02    1.00000        0.00000    
 kv_sc         9.9379386E-02    1.00000        0.00000    
 kv_sd         9.9958046E-02    1.00000        0.00000    
 kv_sn         9.9921702E-02    1.00000        0.00000    
 kv_su         9.9520214E-02    1.00000        0.00000    
 kv_w          0.1002282        1.00000        0.00000    
 kv_wat        0.1002383        1.00000        0.00000    
 kv_ca2        9.9567674E-02    1.00000        0.00000    
 kv_hp         0.1006265        1.00000        0.00000    
 kv_ca         9.9582392E-02    1.00000        0.00000    
 kv_cr         9.9974438E-02    1.00000        0.00000    
 kv_gg         0.1000132        1.00000        0.00000    
 kv_lca        9.9857948E-02    1.00000        0.00000    
 r_col         0.9999435        1.00000        0.00000    
 r_ca          0.9999998        1.00000        0.00000    
 r_hp          0.9999653        1.00000        0.00000    
 r_ca2          1.000054        1.00000        0.00000    
 r_cr           1.000002        1.00000        0.00000    
 r_gg           1.000022        1.00000        0.00000    
 r_lc           1.000014        1.00000        0.00000    
 sfrc           12.15006        1.00000        0.00000    
 wr_drnc        1.003497        1.00000        0.00000    
