single point
 kpkpx_tc2      4.454861        1.00000        0.00000    
 kpkpx_tc3      5.720760        1.00000        0.00000    
 kpkpx_tc4      3.541445        1.00000        0.00000    
 kpkpx_tc7      5.942886        1.00000        0.00000    
 kpkpx_tc8      2.298416        1.00000        0.00000    
 kpkpx_tc9      3.905260        1.00000        0.00000    
 kpkpx_tc10     2.511597        1.00000        0.00000    
 kpkpx_tc11     3.093313        1.00000        0.00000    
 kpkpx_tc12     2.730741        1.00000        0.00000    
 kpkpx_tc13     4.449415        1.00000        0.00000    
 kpkpx_tc14     5.119317        1.00000        0.00000    
 kpkpx_tc15     3.711197        1.00000        0.00000    
 kpkpx_tc16     2.812228        1.00000        0.00000    
 kpkpx_tc17     2.583630        1.00000        0.00000    
 kpkpx_tc18     4.787919        1.00000        0.00000    
 kpkpx_tc19     5.737146        1.00000        0.00000    
 kpkpx_tc20     1.228280        1.00000        0.00000    
 kpkpx_tc21     2.043780        1.00000        0.00000    
 kpkpx_tc22     2.020669        1.00000        0.00000    
 kpkpx_tc23     2.611795        1.00000        0.00000    
 kpkpx_tc24     4.605318        1.00000        0.00000    
 kpkpx_tc25     4.186175        1.00000        0.00000    
 kpkpx_tc27     1.069970        1.00000        0.00000    
 kpkpx_tc28     3.518603        1.00000        0.00000    
 kpkpx_tc29     2.802091        1.00000        0.00000    
 kpkpx_tc30     2.341080        1.00000        0.00000    
 kpkpx_tc31     6.441180        1.00000        0.00000    
 kpkpx_tc32     3.352459        1.00000        0.00000    
 kpkpx_tc33     2.263311        1.00000        0.00000    
 kpkpx_tc34     2.134433        1.00000        0.00000    
 kpkpx_tc35    0.8336871        1.00000        0.00000    
 kpkpx_tc36     1.433078        1.00000        0.00000    
 kpkpx_tc37     3.335963        1.00000        0.00000    
 kpkpx_tc38     3.788372        1.00000        0.00000    
 kpkpx_tc39     4.378338        1.00000        0.00000    
 kpkpx_tc40     2.073254        1.00000        0.00000    
 kpkpx_tc41     2.585237        1.00000        0.00000    
 kpkpx_tc42     2.373244        1.00000        0.00000    
 kpkpx_tc43     2.480823        1.00000        0.00000    
 kpkpx_tc44     2.194127        1.00000        0.00000    
 kpkpx_tc45     1.171662        1.00000        0.00000    
 kpkpx_tc46     3.091058        1.00000        0.00000    
 kpkpx_tc47     2.356954        1.00000        0.00000    
 kpkpx_tc48     2.639458        1.00000        0.00000    
 kpkpx_tc49     2.972526        1.00000        0.00000    
 kpkpx_tc50     3.054547        1.00000        0.00000    
 kpkpx_tc52     2.681889        1.00000        0.00000    
 kpkpx_tc53     2.289494        1.00000        0.00000    
 kpkpx_tc54     2.541479        1.00000        0.00000    
 kpkpx_tc55     1.864779        1.00000        0.00000    
 kpkpx_tc56     1.800466        1.00000        0.00000    
 kpkpx_tc57     2.256701        1.00000        0.00000    
 kpkpx_tc58     2.859839        1.00000        0.00000    
 kpkpx_tc59     2.655186        1.00000        0.00000    
 kpkpx_ec1      7.451967        1.00000        0.00000    
 kpkpx_ec2      6.915245        1.00000        0.00000    
 kpkpx_ec4      6.899955        1.00000        0.00000    
 kpkpx_ec5      7.080426        1.00000        0.00000    
 kpkpx_ec7      6.856119        1.00000        0.00000    
 kpkpx_ec8      7.042884        1.00000        0.00000    
 kpkpx_ec9      6.994055        1.00000        0.00000    
 kpkpx_ec10     6.954254        1.00000        0.00000    
 kpkpx_ec11     6.831906        1.00000        0.00000    
 kpkpx_ec13     7.019927        1.00000        0.00000    
 kpkpx_ec14     6.816357        1.00000        0.00000    
 kpkpx_ec15     6.868648        1.00000        0.00000    
 kpkpx_ec16     6.759633        1.00000        0.00000    
 kpkpx_ec17     6.901141        1.00000        0.00000    
 kpkpx_ec18     6.838002        1.00000        0.00000    
 kpkpx_ww1      5.697517        1.00000        0.00000    
 kpkpx_ww2      5.156319        1.00000        0.00000    
 kpkpx_ww3      4.857754        1.00000        0.00000    
 kpkpx_ww4      4.489326        1.00000        0.00000    
 kpkpx_ww5      4.625619        1.00000        0.00000    
 kpkpx_ww6      4.787014        1.00000        0.00000    
 kpkpx_ww7      4.801219        1.00000        0.00000    
 kpkpx_ww8      5.423488        1.00000        0.00000    
 kpkpx_ww9      6.711601        1.00000        0.00000    
 kpkpx_ww10     7.332810        1.00000        0.00000    
 kpkpx_ww11     7.590687        1.00000        0.00000    
 kpkpx_ww12     4.078284        1.00000        0.00000    
 kpkpx_ww13     5.395250        1.00000        0.00000    
 kpkpx_ww14     5.536792        1.00000        0.00000    
 kpkpx_ww15     4.776819        1.00000        0.00000    
 kpkpx_ww16     4.862234        1.00000        0.00000    
 kpkpx_ww17     7.870896        1.00000        0.00000    
 kpkpx_ww18     10.26547        1.00000        0.00000    
 kpkpx_ww19     7.553926        1.00000        0.00000    
 kpkpx_ww20     8.984439        1.00000        0.00000    
 kpkpx_ww21     6.379142        1.00000        0.00000    
 kpkpx_ww22     4.887031        1.00000        0.00000    
 kpkpx_ww23     4.739313        1.00000        0.00000    
 kpkpx_ww24     5.940162        1.00000        0.00000    
 kpkpx_ww25     5.071724        1.00000        0.00000    
 kpkpx_ww26     5.754612        1.00000        0.00000    
 kpkpx_ww27     5.469999        1.00000        0.00000    
 kpkpx_ww28     7.111252        1.00000        0.00000    
 kpkpx_ww29     7.046523        1.00000        0.00000    
 kpkpx_ww30     8.838566        1.00000        0.00000    
 kpkpx_ww31     4.507009        1.00000        0.00000    
 kpkpx_ww32     5.626756        1.00000        0.00000    
 kpkpx_ww33     5.216814        1.00000        0.00000    
 kpkpx_ww34     4.785591        1.00000        0.00000    
 kpkpx_ww35     3.819201        1.00000        0.00000    
 kpkpx_ww36     4.226632        1.00000        0.00000    
 kpkpx_ww37     5.013672        1.00000        0.00000    
 kpkpx_ww38     5.182578        1.00000        0.00000    
 kpkpx_ww39     5.428607        1.00000        0.00000    
 kpkpx_ww40     8.345458        1.00000        0.00000    
 kpkpx_ww41     4.445960        1.00000        0.00000    
 kpkpx_ww42     4.530238        1.00000        0.00000    
 kpkpx_ww43     5.993596        1.00000        0.00000    
 kpkpx_ww44     4.760026        1.00000        0.00000    
 kpkpx_ww45     4.738636        1.00000        0.00000    
 kpkpx_ww46     5.351152        1.00000        0.00000    
 kpkpx_ww47     5.596506        1.00000        0.00000    
 kpkpx_ww48     6.896959        1.00000        0.00000    
 kpkpx_ww49     4.461340        1.00000        0.00000    
 kpkpx_ww50     1.538064        1.00000        0.00000    
 kpkpx_ww51    0.2800000        1.00000        0.00000    
 kpkpx_ww52     5.073984        1.00000        0.00000    
 kpkpx_ww53     4.382005        1.00000        0.00000    
 kpkpx_ww54     6.862477        1.00000        0.00000    
 kpkpx_ww55     7.558665        1.00000        0.00000    
 kpkpx_ww56     5.218678        1.00000        0.00000    
 kpkpx_ww57     98.33000        1.00000        0.00000    
 kpkpx_ww58     17.66272        1.00000        0.00000    
 kpkpx_ww59     6.526854        1.00000        0.00000    
 kpkpx_ww60     9.540642        1.00000        0.00000    
 kpkpx_ww61    0.9657997        1.00000        0.00000    
 kpkpx_ww62     1.268157        1.00000        0.00000    
 kpkpx_ww63     12.76095        1.00000        0.00000    
 kpkpx_ww64     4.892086        1.00000        0.00000    
 kpkpx_ww65     8.669242        1.00000        0.00000    
 kpkpx_ww66     6.132958        1.00000        0.00000    
 kpkpx_ww67     4.857874        1.00000        0.00000    
 kpkpx_ww68     8.780771        1.00000        0.00000    
 kpkpx_ww69     8.077599        1.00000        0.00000    
 kpkpx_ww70     4.868733        1.00000        0.00000    
 kpkpx_ww71     6.109482        1.00000        0.00000    
 kpkpx_ww72     5.783165        1.00000        0.00000    
 kpkpx_ww73     6.970482        1.00000        0.00000    
 kpkpx_ww74     8.968320        1.00000        0.00000    
 kpkpx_ww75     8.511408        1.00000        0.00000    
 kpkpx_ww76     6.074728        1.00000        0.00000    
 kpkpx_ww77     5.008150        1.00000        0.00000    
 kpkpx_ww78     4.973846        1.00000        0.00000    
 kpkpx_ww79     5.228193        1.00000        0.00000    
 kpkpx_ww80     4.936815        1.00000        0.00000    
 kpkpx_ww81     4.845709        1.00000        0.00000    
 kpkpx_ww82     4.610484        1.00000        0.00000    
 kpkpx_ww83     6.937331        1.00000        0.00000    
 kpkpx_ww84     6.757620        1.00000        0.00000    
 kpkpx_ww85     5.972127        1.00000        0.00000    
 kpkpx_ww86     4.736763        1.00000        0.00000    
 kpkpx_ww87     4.891044        1.00000        0.00000    
 kpkpx_ww88     5.751304        1.00000        0.00000    
 kpkpx_ww89     4.863335        1.00000        0.00000    
 kpkpx_ww90     5.071341        1.00000        0.00000    
 kpkpx_ww91     4.892972        1.00000        0.00000    
 kpkpx_ww92     4.260105        1.00000        0.00000    
 kpkpx_ww93     5.172857        1.00000        0.00000    
 kpkpx_ww94     3.962527        1.00000        0.00000    
 kpkpx_ww95     5.021005        1.00000        0.00000    
 kpkpx_ww96     4.477525        1.00000        0.00000    
 kpkpx_ww97     5.587769        1.00000        0.00000    
 kpkpx_ww98     5.167886        1.00000        0.00000    
 kpkpx_ww99     5.229369        1.00000        0.00000    
 kpkpx_ms1      9.872503        1.00000        0.00000    
 kpkpx_ms2      7.024077        1.00000        0.00000    
 kpkpx_ms3      6.711744        1.00000        0.00000    
 kpkpx_ms4      3.658915        1.00000        0.00000    
 kpkpx_ms5      5.130189        1.00000        0.00000    
 kpkpx_ms6      5.675296        1.00000        0.00000    
 kpkpx_ms7      5.761206        1.00000        0.00000    
 kpkpx_ms8      5.985970        1.00000        0.00000    
 kpkpx_ms9      12.29177        1.00000        0.00000    
 kpkpx_ms10     31.80275        1.00000        0.00000    
 kpkpx_ms11     5.189763        1.00000        0.00000    
 kpkpx_ms12     6.287155        1.00000        0.00000    
 kpkpx_ms13     6.481884        1.00000        0.00000    
 kpkpx_ms14     7.523170        1.00000        0.00000    
 kpkpx_ms15     6.037190        1.00000        0.00000    
 kpkpx_ms16     5.920663        1.00000        0.00000    
 kpkpx_ms17     24.33882        1.00000        0.00000    
 kpkpx_ms18     50.08679        1.00000        0.00000    
 kpkpx_ms19     73.06000        1.00000        0.00000    
 kpkpx_ms20     34.02263        1.00000        0.00000    
 kpkpx_ms21     13.30549        1.00000        0.00000    
 kpkpx_ms22     5.856084        1.00000        0.00000    
 kpkpx_ms23     6.939886        1.00000        0.00000    
 kpkpx_ms24     16.22256        1.00000        0.00000    
 kpkpx_ms25     9.260089        1.00000        0.00000    
 kpkpx_ms26     11.36110        1.00000        0.00000    
 kpkpx_ms27     9.987275        1.00000        0.00000    
 kpkpx_ms28     7.584726        1.00000        0.00000    
 kpkpx_ms29     73.06000        1.00000        0.00000    
 kpkpx_ms30     73.06000        1.00000        0.00000    
 kpkpx_ms31     4.719002        1.00000        0.00000    
 kpkpx_ms32     10.61769        1.00000        0.00000    
 kpkpx_ms33     7.561388        1.00000        0.00000    
 kpkpx_ms34     6.258111        1.00000        0.00000    
 kpkpx_ms35     3.228229        1.00000        0.00000    
 kpkpx_ms36     7.844439        1.00000        0.00000    
 kpkpx_ms37     2.797519        1.00000        0.00000    
 kpkpx_ms38     3.132515        1.00000        0.00000    
 kpkpx_ms39     7.440179        1.00000        0.00000    
 kpkpx_ms40     10.97682        1.00000        0.00000    
 kpkpx_ms41     7.162062        1.00000        0.00000    
 kpkpx_ms42     4.918073        1.00000        0.00000    
 kpkpx_ms43     16.05902        1.00000        0.00000    
 kpkpx_ms44     14.07703        1.00000        0.00000    
 kpkpx_ms45     6.047356        1.00000        0.00000    
 kpkpx_ms46     6.921629        1.00000        0.00000    
 kpkpx_ms47     73.06000        1.00000        0.00000    
 kpkpx_ms48    0.5345395        1.00000        0.00000    
 kpkpx_ms49    0.3200000        1.00000        0.00000    
 kpkpx_ms50     63.25551        1.00000        0.00000    
 kpkpx_ms51     73.06000        1.00000        0.00000    
 kpkpx_ms52     73.06000        1.00000        0.00000    
 kpkpx_ms53     5.220477        1.00000        0.00000    
 kpkpx_ms54     16.03902        1.00000        0.00000    
 kpkpx_ms55     73.06000        1.00000        0.00000    
 kpkpx_ms56     5.758701        1.00000        0.00000    
 kpkpx_ms57     9.280408        1.00000        0.00000    
 kpkpx_ms58     15.04639        1.00000        0.00000    
 kpkpx_ms59     11.93931        1.00000        0.00000    
 kpkpx_ms60     15.38564        1.00000        0.00000    
 kpkpx_ms61     9.954250        1.00000        0.00000    
 kpkpx_ms62     17.06286        1.00000        0.00000    
 kpkpx_ms63     61.30810        1.00000        0.00000    
 kpkpx_ms64     73.06000        1.00000        0.00000    
 kpkpx_ms65     46.93291        1.00000        0.00000    
 kpkpx_ms66     13.63294        1.00000        0.00000    
 kpkpx_ms67     5.542125        1.00000        0.00000    
 kpkpx_ms68     9.431281        1.00000        0.00000    
 kpkpx_ms69     7.900215        1.00000        0.00000    
 kpkpx_ms70     6.226355        1.00000        0.00000    
 kpkpx_ms71     10.45351        1.00000        0.00000    
 kpkpx_ms72     13.16281        1.00000        0.00000    
 kpkpx_ms73     73.06000        1.00000        0.00000    
 kpkpx_ms74     73.06000        1.00000        0.00000    
 kpkpx_ms75     73.06000        1.00000        0.00000    
 kpkpx_ms76     13.28327        1.00000        0.00000    
 kpkpx_ms77     6.602717        1.00000        0.00000    
 kpkpx_ms78     5.857594        1.00000        0.00000    
 kpkpx_ms79     8.691438        1.00000        0.00000    
 kpkpx_ms80     6.887726        1.00000        0.00000    
 kpkpx_ms81     8.877307        1.00000        0.00000    
 kpkpx_ms82     9.294268        1.00000        0.00000    
 kpkpx_ms83     73.06000        1.00000        0.00000    
 kpkpx_ms84     31.69462        1.00000        0.00000    
 kpkpx_ms85     12.77121        1.00000        0.00000    
 kpkpx_ms86     5.620482        1.00000        0.00000    
 kpkpx_ms87     6.474466        1.00000        0.00000    
 kpkpx_ms88     10.09234        1.00000        0.00000    
 kpkpx_ms89     5.830510        1.00000        0.00000    
 kpkpx_ms90     5.827205        1.00000        0.00000    
 kpkpx_ms91     6.766838        1.00000        0.00000    
 kpkpx_ms92     4.918820        1.00000        0.00000    
 kpkpx_ms93     18.65579        1.00000        0.00000    
 kpkpx_ms94     16.86202        1.00000        0.00000    
 kpkpx_ms95     16.45013        1.00000        0.00000    
 kpkpx_ms96     5.851081        1.00000        0.00000    
 kpkpx_ms97     11.00156        1.00000        0.00000    
 kpkpx_ms98     8.498031        1.00000        0.00000    
 kpkpx_ms99     7.452941        1.00000        0.00000    
 kzkpz_tc2     6.1725960E-02    1.00000        0.00000    
 kzkpz_tc3     6.2779994E-02    1.00000        0.00000    
 kzkpz_tc4     6.2929768E-02    1.00000        0.00000    
 kzkpz_tc7     6.3780622E-02    1.00000        0.00000    
 kzkpz_tc8     3.9223245E-02    1.00000        0.00000    
 kzkpz_tc9     6.7550723E-02    1.00000        0.00000    
 kzkpz_tc10    4.8993928E-02    1.00000        0.00000    
 kzkpz_tc11    5.3906456E-02    1.00000        0.00000    
 kzkpz_tc12    5.5370027E-02    1.00000        0.00000    
 kzkpz_tc13    5.8607084E-02    1.00000        0.00000    
 kzkpz_tc14    6.2278406E-02    1.00000        0.00000    
 kzkpz_tc15    4.6399782E-02    1.00000        0.00000    
 kzkpz_tc16    5.2763927E-02    1.00000        0.00000    
 kzkpz_tc17    5.3645862E-02    1.00000        0.00000    
 kzkpz_tc18    5.2702105E-02    1.00000        0.00000    
 kzkpz_tc19    4.3944272E-02    1.00000        0.00000    
 kzkpz_tc20    5.9978159E-02    1.00000        0.00000    
 kzkpz_tc21    0.1738099        1.00000        0.00000    
 kzkpz_tc22    6.0832714E-02    1.00000        0.00000    
 kzkpz_tc23    4.9158634E-02    1.00000        0.00000    
 kzkpz_tc24    5.9583192E-02    1.00000        0.00000    
 kzkpz_tc25    5.7044096E-02    1.00000        0.00000    
 kzkpz_tc27    7.0895505E-02    1.00000        0.00000    
 kzkpz_tc28    8.8560518E-02    1.00000        0.00000    
 kzkpz_tc29    5.3267096E-02    1.00000        0.00000    
 kzkpz_tc30    5.6317466E-02    1.00000        0.00000    
 kzkpz_tc31    4.5657563E-02    1.00000        0.00000    
 kzkpz_tc32    5.1013233E-02    1.00000        0.00000    
 kzkpz_tc33    5.1401866E-02    1.00000        0.00000    
 kzkpz_tc34    4.1898528E-02    1.00000        0.00000    
 kzkpz_tc35    1.4575092E-02    1.00000        0.00000    
 kzkpz_tc36    3.6684223E-02    1.00000        0.00000    
 kzkpz_tc37    4.2914353E-02    1.00000        0.00000    
 kzkpz_tc38    5.1609683E-02    1.00000        0.00000    
 kzkpz_tc39    5.1835593E-02    1.00000        0.00000    
 kzkpz_tc40    5.0794691E-02    1.00000        0.00000    
 kzkpz_tc41    5.1286587E-02    1.00000        0.00000    
 kzkpz_tc42    4.9611913E-02    1.00000        0.00000    
 kzkpz_tc43    4.9377201E-02    1.00000        0.00000    
 kzkpz_tc44    4.7266466E-02    1.00000        0.00000    
 kzkpz_tc45    2.6074299E-02    1.00000        0.00000    
 kzkpz_tc46    4.6626457E-02    1.00000        0.00000    
 kzkpz_tc47    4.4028636E-02    1.00000        0.00000    
 kzkpz_tc48    4.9485983E-02    1.00000        0.00000    
 kzkpz_tc49    5.1197977E-02    1.00000        0.00000    
 kzkpz_tc50    5.3981579E-02    1.00000        0.00000    
 kzkpz_tc52    5.2574142E-02    1.00000        0.00000    
 kzkpz_tc53    5.0852723E-02    1.00000        0.00000    
 kzkpz_tc54    5.4397057E-02    1.00000        0.00000    
 kzkpz_tc55    4.1432755E-02    1.00000        0.00000    
 kzkpz_tc56    4.0466827E-02    1.00000        0.00000    
 kzkpz_tc57    3.7464987E-02    1.00000        0.00000    
 kzkpz_tc58    4.3772227E-02    1.00000        0.00000    
 kzkpz_tc59    4.8128549E-02    1.00000        0.00000    
 kzkpz_ec1     0.1009408        1.00000        0.00000    
 kzkpz_ec2     0.1005421        1.00000        0.00000    
 kzkpz_ec4     0.1004920        1.00000        0.00000    
 kzkpz_ec5     9.9494053E-02    1.00000        0.00000    
 kzkpz_ec7     0.1003765        1.00000        0.00000    
 kzkpz_ec8     0.1008386        1.00000        0.00000    
 kzkpz_ec9     0.1005304        1.00000        0.00000    
 kzkpz_ec10    0.1005784        1.00000        0.00000    
 kzkpz_ec11    0.1001604        1.00000        0.00000    
 kzkpz_ec13    0.1001498        1.00000        0.00000    
 kzkpz_ec14    9.9872636E-02    1.00000        0.00000    
 kzkpz_ec15    0.1017476        1.00000        0.00000    
 kzkpz_ec16    0.1006086        1.00000        0.00000    
 kzkpz_ec17    0.1003439        1.00000        0.00000    
 kzkpz_ec18    0.1000864        1.00000        0.00000    
 kzkpz_ww1     0.1010193        1.00000        0.00000    
 kzkpz_ww2     0.1017952        1.00000        0.00000    
 kzkpz_ww3     9.9603046E-02    1.00000        0.00000    
 kzkpz_ww4     9.9473925E-02    1.00000        0.00000    
 kzkpz_ww5     9.9971808E-02    1.00000        0.00000    
 kzkpz_ww6     9.9894448E-02    1.00000        0.00000    
 kzkpz_ww7     0.1002794        1.00000        0.00000    
 kzkpz_ww8     0.1000480        1.00000        0.00000    
 kzkpz_ww9     0.1009167        1.00000        0.00000    
 kzkpz_ww10    0.1018378        1.00000        0.00000    
 kzkpz_ww11    0.1018904        1.00000        0.00000    
 kzkpz_ww12    9.4608089E-02    1.00000        0.00000    
 kzkpz_ww13    0.1018889        1.00000        0.00000    
 kzkpz_ww14    9.9891062E-02    1.00000        0.00000    
 kzkpz_ww15    0.1001390        1.00000        0.00000    
 kzkpz_ww16    0.1003398        1.00000        0.00000    
 kzkpz_ww17    0.1038192        1.00000        0.00000    
 kzkpz_ww18    0.1103698        1.00000        0.00000    
 kzkpz_ww19    0.1039324        1.00000        0.00000    
 kzkpz_ww20    0.1012275        1.00000        0.00000    
 kzkpz_ww21    0.1086799        1.00000        0.00000    
 kzkpz_ww22    0.1013663        1.00000        0.00000    
 kzkpz_ww23    9.8711956E-02    1.00000        0.00000    
 kzkpz_ww24    9.8146392E-02    1.00000        0.00000    
 kzkpz_ww25    9.7271209E-02    1.00000        0.00000    
 kzkpz_ww26    0.1016591        1.00000        0.00000    
 kzkpz_ww27    0.1012592        1.00000        0.00000    
 kzkpz_ww28    0.1066062        1.00000        0.00000    
 kzkpz_ww29    0.1059060        1.00000        0.00000    
 kzkpz_ww30    0.1012388        1.00000        0.00000    
 kzkpz_ww31    0.1006105        1.00000        0.00000    
 kzkpz_ww32    0.1009335        1.00000        0.00000    
 kzkpz_ww33    0.1002902        1.00000        0.00000    
 kzkpz_ww34    9.9063275E-02    1.00000        0.00000    
 kzkpz_ww35    9.5941064E-02    1.00000        0.00000    
 kzkpz_ww36    9.7965571E-02    1.00000        0.00000    
 kzkpz_ww37    0.1000397        1.00000        0.00000    
 kzkpz_ww38    9.9802370E-02    1.00000        0.00000    
 kzkpz_ww39    9.7480368E-02    1.00000        0.00000    
 kzkpz_ww40    9.8051288E-02    1.00000        0.00000    
 kzkpz_ww41    9.9043204E-02    1.00000        0.00000    
 kzkpz_ww42    9.7749525E-02    1.00000        0.00000    
 kzkpz_ww43    0.1005183        1.00000        0.00000    
 kzkpz_ww44    0.1004513        1.00000        0.00000    
 kzkpz_ww45    0.1003305        1.00000        0.00000    
 kzkpz_ww46    0.1009514        1.00000        0.00000    
 kzkpz_ww47    0.1003486        1.00000        0.00000    
 kzkpz_ww48    9.5755085E-02    1.00000        0.00000    
 kzkpz_ww49    8.9408977E-02    1.00000        0.00000    
 kzkpz_ww50    8.0404448E-02    1.00000        0.00000    
 kzkpz_ww51    5.8733849E-02    1.00000        0.00000    
 kzkpz_ww52    9.0725823E-02    1.00000        0.00000    
 kzkpz_ww53    9.9620795E-02    1.00000        0.00000    
 kzkpz_ww54    0.1010195        1.00000        0.00000    
 kzkpz_ww55    0.1023658        1.00000        0.00000    
 kzkpz_ww56    9.9273258E-02    1.00000        0.00000    
 kzkpz_ww57    0.1002444        1.00000        0.00000    
 kzkpz_ww58    0.1007325        1.00000        0.00000    
 kzkpz_ww59    9.3970742E-02    1.00000        0.00000    
 kzkpz_ww60    9.6207031E-02    1.00000        0.00000    
 kzkpz_ww61    0.1067708        1.00000        0.00000    
 kzkpz_ww62    6.4266208E-02    1.00000        0.00000    
 kzkpz_ww63    9.6526008E-02    1.00000        0.00000    
 kzkpz_ww64    9.1606896E-02    1.00000        0.00000    
 kzkpz_ww65    0.1024868        1.00000        0.00000    
 kzkpz_ww66    0.1009168        1.00000        0.00000    
 kzkpz_ww67    0.1000498        1.00000        0.00000    
 kzkpz_ww68    0.1048591        1.00000        0.00000    
 kzkpz_ww69    0.1021375        1.00000        0.00000    
 kzkpz_ww70    9.9016786E-02    1.00000        0.00000    
 kzkpz_ww71    8.6975331E-02    1.00000        0.00000    
 kzkpz_ww72    7.0405548E-02    1.00000        0.00000    
 kzkpz_ww73    9.4814172E-02    1.00000        0.00000    
 kzkpz_ww74    0.1003543        1.00000        0.00000    
 kzkpz_ww75    0.1002528        1.00000        0.00000    
 kzkpz_ww76    0.1009947        1.00000        0.00000    
 kzkpz_ww77    0.1001262        1.00000        0.00000    
 kzkpz_ww78    0.1001814        1.00000        0.00000    
 kzkpz_ww79    0.1014519        1.00000        0.00000    
 kzkpz_ww80    0.1009870        1.00000        0.00000    
 kzkpz_ww81    9.7519532E-02    1.00000        0.00000    
 kzkpz_ww82    9.8270625E-02    1.00000        0.00000    
 kzkpz_ww83    7.5500209E-02    1.00000        0.00000    
 kzkpz_ww84    9.8811912E-02    1.00000        0.00000    
 kzkpz_ww85    9.8822615E-02    1.00000        0.00000    
 kzkpz_ww86    9.9604044E-02    1.00000        0.00000    
 kzkpz_ww87    0.1002431        1.00000        0.00000    
 kzkpz_ww88    0.1011495        1.00000        0.00000    
 kzkpz_ww89    9.9918748E-02    1.00000        0.00000    
 kzkpz_ww90    0.1030610        1.00000        0.00000    
 kzkpz_ww91    0.1008657        1.00000        0.00000    
 kzkpz_ww92    9.9247158E-02    1.00000        0.00000    
 kzkpz_ww93    9.9517361E-02    1.00000        0.00000    
 kzkpz_ww94    9.5959038E-02    1.00000        0.00000    
 kzkpz_ww95    9.2918869E-02    1.00000        0.00000    
 kzkpz_ww96    9.5951268E-02    1.00000        0.00000    
 kzkpz_ww97    9.5106113E-02    1.00000        0.00000    
 kzkpz_ww98    9.9231684E-02    1.00000        0.00000    
 kzkpz_ww99    0.1002772        1.00000        0.00000    
 kzkpz_ms1     0.1010063        1.00000        0.00000    
 kzkpz_ms2     0.1005761        1.00000        0.00000    
 kzkpz_ms3     9.9485132E-02    1.00000        0.00000    
 kzkpz_ms4     9.9514076E-02    1.00000        0.00000    
 kzkpz_ms5     9.9892869E-02    1.00000        0.00000    
 kzkpz_ms6     9.9599431E-02    1.00000        0.00000    
 kzkpz_ms7     9.9992678E-02    1.00000        0.00000    
 kzkpz_ms8     0.1000980        1.00000        0.00000    
 kzkpz_ms9     0.1005425        1.00000        0.00000    
 kzkpz_ms10    0.1014085        1.00000        0.00000    
 kzkpz_ms11    0.1018366        1.00000        0.00000    
 kzkpz_ms12    9.2762287E-02    1.00000        0.00000    
 kzkpz_ms13    0.1007802        1.00000        0.00000    
 kzkpz_ms14    9.9626607E-02    1.00000        0.00000    
 kzkpz_ms15    0.1002967        1.00000        0.00000    
 kzkpz_ms16    9.9920893E-02    1.00000        0.00000    
 kzkpz_ms17    0.1031284        1.00000        0.00000    
 kzkpz_ms18    0.1047156        1.00000        0.00000    
 kzkpz_ms19    0.1036741        1.00000        0.00000    
 kzkpz_ms20    0.1011737        1.00000        0.00000    
 kzkpz_ms21    0.1091847        1.00000        0.00000    
 kzkpz_ms22    0.1012158        1.00000        0.00000    
 kzkpz_ms23    9.7340191E-02    1.00000        0.00000    
 kzkpz_ms24    9.3881424E-02    1.00000        0.00000    
 kzkpz_ms25    9.6941143E-02    1.00000        0.00000    
 kzkpz_ms26    0.1018590        1.00000        0.00000    
 kzkpz_ms27    0.1010854        1.00000        0.00000    
 kzkpz_ms28    0.1053897        1.00000        0.00000    
 kzkpz_ms29    0.1037520        1.00000        0.00000    
 kzkpz_ms30    0.1026532        1.00000        0.00000    
 kzkpz_ms31    0.1010449        1.00000        0.00000    
 kzkpz_ms32    0.1015672        1.00000        0.00000    
 kzkpz_ms33    0.1004646        1.00000        0.00000    
 kzkpz_ms34    9.9566845E-02    1.00000        0.00000    
 kzkpz_ms35    9.5419194E-02    1.00000        0.00000    
 kzkpz_ms36    9.7823014E-02    1.00000        0.00000    
 kzkpz_ms37    0.1002099        1.00000        0.00000    
 kzkpz_ms38    0.1004248        1.00000        0.00000    
 kzkpz_ms39    0.1001304        1.00000        0.00000    
 kzkpz_ms40    9.9230941E-02    1.00000        0.00000    
 kzkpz_ms41    9.7605912E-02    1.00000        0.00000    
 kzkpz_ms42    9.7286867E-02    1.00000        0.00000    
 kzkpz_ms43    0.1004284        1.00000        0.00000    
 kzkpz_ms44    9.6740007E-02    1.00000        0.00000    
 kzkpz_ms45    0.1000687        1.00000        0.00000    
 kzkpz_ms46    0.1016915        1.00000        0.00000    
 kzkpz_ms47    0.1010977        1.00000        0.00000    
 kzkpz_ms48    9.7538221E-02    1.00000        0.00000    
 kzkpz_ms49    9.5684508E-02    1.00000        0.00000    
 kzkpz_ms50    9.4307734E-02    1.00000        0.00000    
 kzkpz_ms51    6.4370761E-02    1.00000        0.00000    
 kzkpz_ms52    9.1757100E-02    1.00000        0.00000    
 kzkpz_ms53    9.9824931E-02    1.00000        0.00000    
 kzkpz_ms54    0.1007292        1.00000        0.00000    
 kzkpz_ms55    0.1033228        1.00000        0.00000    
 kzkpz_ms56    9.9576497E-02    1.00000        0.00000    
 kzkpz_ms57    9.9943884E-02    1.00000        0.00000    
 kzkpz_ms58    0.1009559        1.00000        0.00000    
 kzkpz_ms59    9.9469170E-02    1.00000        0.00000    
 kzkpz_ms60    9.7924174E-02    1.00000        0.00000    
 kzkpz_ms61    0.1005547        1.00000        0.00000    
 kzkpz_ms62    4.5682119E-02    1.00000        0.00000    
 kzkpz_ms63    9.7819576E-02    1.00000        0.00000    
 kzkpz_ms64    9.0660107E-02    1.00000        0.00000    
 kzkpz_ms65    0.1021289        1.00000        0.00000    
 kzkpz_ms66    0.1012542        1.00000        0.00000    
 kzkpz_ms67    9.9782521E-02    1.00000        0.00000    
 kzkpz_ms68    0.1020253        1.00000        0.00000    
 kzkpz_ms69    0.1021409        1.00000        0.00000    
 kzkpz_ms70    0.1002094        1.00000        0.00000    
 kzkpz_ms71    9.6426712E-02    1.00000        0.00000    
 kzkpz_ms72    0.1039226        1.00000        0.00000    
 kzkpz_ms73    0.1016324        1.00000        0.00000    
 kzkpz_ms74    0.1025330        1.00000        0.00000    
 kzkpz_ms75    0.1005766        1.00000        0.00000    
 kzkpz_ms76    0.1004160        1.00000        0.00000    
 kzkpz_ms77    0.1002023        1.00000        0.00000    
 kzkpz_ms78    0.1000862        1.00000        0.00000    
 kzkpz_ms79    9.9159671E-02    1.00000        0.00000    
 kzkpz_ms80    0.1005722        1.00000        0.00000    
 kzkpz_ms81    9.7628241E-02    1.00000        0.00000    
 kzkpz_ms82    9.7401143E-02    1.00000        0.00000    
 kzkpz_ms83    8.7741068E-02    1.00000        0.00000    
 kzkpz_ms84    9.8557189E-02    1.00000        0.00000    
 kzkpz_ms85    9.9014721E-02    1.00000        0.00000    
 kzkpz_ms86    9.9601352E-02    1.00000        0.00000    
 kzkpz_ms87    0.1002863        1.00000        0.00000    
 kzkpz_ms88    0.1010114        1.00000        0.00000    
 kzkpz_ms89    9.9977260E-02    1.00000        0.00000    
 kzkpz_ms90    0.1017588        1.00000        0.00000    
 kzkpz_ms91    9.9922972E-02    1.00000        0.00000    
 kzkpz_ms92    9.7461110E-02    1.00000        0.00000    
 kzkpz_ms93    9.5983389E-02    1.00000        0.00000    
 kzkpz_ms94    9.0351988E-02    1.00000        0.00000    
 kzkpz_ms95    9.3141953E-02    1.00000        0.00000    
 kzkpz_ms96    9.5037773E-02    1.00000        0.00000    
 kzkpz_ms97    9.5522103E-02    1.00000        0.00000    
 kzkpz_ms98    9.9773325E-02    1.00000        0.00000    
 kzkpz_ms99    0.1001833        1.00000        0.00000    
 kh_c           30.69863        1.00000        0.00000    
 kh_f           28.06019        1.00000        0.00000    
 kh_ghh         30.30922        1.00000        0.00000    
 kh_ghr         29.95132        1.00000        0.00000    
 kh_ghs         30.18932        1.00000        0.00000    
 kh_l           29.51504        1.00000        0.00000    
 kh_lo          30.24160        1.00000        0.00000    
 kh_lw          29.08595        1.00000        0.00000    
 kh_oh          29.67496        1.00000        0.00000    
 kh_p           30.13193        1.00000        0.00000    
 kh_po          29.87428        1.00000        0.00000    
 kh_ps          30.51778        1.00000        0.00000    
 kh_pw          30.09252        1.00000        0.00000    
 kh_r           30.33625        1.00000        0.00000    
 kh_s           30.16630        1.00000        0.00000    
 kh_sc          30.64493        1.00000        0.00000    
 kh_sd          30.94912        1.00000        0.00000    
 kh_sn          30.22095        1.00000        0.00000    
 kh_su          30.01377        1.00000        0.00000    
 kh_w           30.28564        1.00000        0.00000    
 kh_wat         29.96054        1.00000        0.00000    
 kh_ca2         30.16724        1.00000        0.00000    
 kh_hp          32.91285        1.00000        0.00000    
 kh_ca          30.66867        1.00000        0.00000    
 kh_cr          38.39267        1.00000        0.00000    
 kh_gg          30.77016        1.00000        0.00000    
 kh_lca         30.77184        1.00000        0.00000    
 kv_c          9.9908555E-02    1.00000        0.00000    
 kv_f          9.9990445E-02    1.00000        0.00000    
 kv_ghh        0.1000239        1.00000        0.00000    
 kv_ghr        0.1005785        1.00000        0.00000    
 kv_ghs        9.9721795E-02    1.00000        0.00000    
 kv_l          9.9908648E-02    1.00000        0.00000    
 kv_lo         9.9979823E-02    1.00000        0.00000    
 kv_lw         9.9991164E-02    1.00000        0.00000    
 kv_oh         9.9981871E-02    1.00000        0.00000    
 kv_p          9.9640133E-02    1.00000        0.00000    
 kv_po         0.1003867        1.00000        0.00000    
 kv_ps         9.9897770E-02    1.00000        0.00000    
 kv_pw         9.9340188E-02    1.00000        0.00000    
 kv_r          9.8935405E-02    1.00000        0.00000    
 kv_s          9.9744101E-02    1.00000        0.00000    
 kv_sc         9.9345781E-02    1.00000        0.00000    
 kv_sd         9.9929977E-02    1.00000        0.00000    
 kv_sn         9.9972287E-02    1.00000        0.00000    
 kv_su         9.9666448E-02    1.00000        0.00000    
 kv_w          9.9933675E-02    1.00000        0.00000    
 kv_wat        0.1002834        1.00000        0.00000    
 kv_ca2        9.9551943E-02    1.00000        0.00000    
 kv_hp         0.1001793        1.00000        0.00000    
 kv_ca         9.9677209E-02    1.00000        0.00000    
 kv_cr         0.1006477        1.00000        0.00000    
 kv_gg         9.9934464E-02    1.00000        0.00000    
 kv_lca        0.1000506        1.00000        0.00000    
 r_col         0.9999510        1.00000        0.00000    
 r_ca          0.9999998        1.00000        0.00000    
 r_hp          0.9999760        1.00000        0.00000    
 r_ca2         0.9999939        1.00000        0.00000    
 r_cr          0.9999895        1.00000        0.00000    
 r_gg           1.000025        1.00000        0.00000    
 r_lc           1.000009        1.00000        0.00000    
 sfrc          0.6932955        1.00000        0.00000    
 wr_drnc        1.002739        1.00000        0.00000    
