  double point
     kpkpx_tc2     4.454861000000000         1.000000         0.000000    
     kpkpx_tc3     5.720760000000000         1.000000         0.000000    
     kpkpx_tc4     3.541445000000000         1.000000         0.000000    
     kpkpx_tc7     5.942886000000000         1.000000         0.000000    
     kpkpx_tc8     2.298416000000000         1.000000         0.000000    
     kpkpx_tc9     3.905260000000000         1.000000         0.000000    
    kpkpx_tc10     2.511597000000000         1.000000         0.000000    
    kpkpx_tc11     3.093313000000000         1.000000         0.000000    
    kpkpx_tc12     2.730741000000000         1.000000         0.000000    
    kpkpx_tc13     4.449415000000000         1.000000         0.000000    
    kpkpx_tc14     5.119317000000000         1.000000         0.000000    
    kpkpx_tc15     3.711197000000000         1.000000         0.000000    
    kpkpx_tc16     2.812228000000000         1.000000         0.000000    
    kpkpx_tc17     2.583630000000000         1.000000         0.000000    
    kpkpx_tc18     4.787919000000000         1.000000         0.000000    
    kpkpx_tc19     5.737146000000000         1.000000         0.000000    
    kpkpx_tc20     1.228280000000000         1.000000         0.000000    
    kpkpx_tc21     2.043780000000000         1.000000         0.000000    
    kpkpx_tc22     2.020669000000000         1.000000         0.000000    
    kpkpx_tc23     2.611795000000000         1.000000         0.000000    
    kpkpx_tc24     4.605318000000000         1.000000         0.000000    
    kpkpx_tc25     4.186175000000001         1.000000         0.000000    
    kpkpx_tc27     1.069970000000000         1.000000         0.000000    
    kpkpx_tc28     3.518603000000000         1.000000         0.000000    
    kpkpx_tc29     2.802091000000000         1.000000         0.000000    
    kpkpx_tc30     2.341080000000000         1.000000         0.000000    
    kpkpx_tc31     6.441180000000000         1.000000         0.000000    
    kpkpx_tc32     3.352459000000000         1.000000         0.000000    
    kpkpx_tc33     2.263311000000000         1.000000         0.000000    
    kpkpx_tc34     2.134433000000000         1.000000         0.000000    
    kpkpx_tc35    0.8336871000000000         1.000000         0.000000    
    kpkpx_tc36     1.433078000000000         1.000000         0.000000    
    kpkpx_tc37     3.335963000000000         1.000000         0.000000    
    kpkpx_tc38     3.788372000000000         1.000000         0.000000    
    kpkpx_tc39     4.378338000000001         1.000000         0.000000    
    kpkpx_tc40     2.073254000000000         1.000000         0.000000    
    kpkpx_tc41     2.585237000000000         1.000000         0.000000    
    kpkpx_tc42     2.373244000000000         1.000000         0.000000    
    kpkpx_tc43     2.480823000000000         1.000000         0.000000    
    kpkpx_tc44     2.194127000000000         1.000000         0.000000    
    kpkpx_tc45     1.171662000000000         1.000000         0.000000    
    kpkpx_tc46     3.091058000000000         1.000000         0.000000    
    kpkpx_tc47     2.356954000000000         1.000000         0.000000    
    kpkpx_tc48     2.639458000000000         1.000000         0.000000    
    kpkpx_tc49     2.972526000000000         1.000000         0.000000    
    kpkpx_tc50     3.054547000000000         1.000000         0.000000    
    kpkpx_tc52     2.681889000000000         1.000000         0.000000    
    kpkpx_tc53     2.289494000000000         1.000000         0.000000    
    kpkpx_tc54     2.541479000000000         1.000000         0.000000    
    kpkpx_tc55     1.864779000000000         1.000000         0.000000    
    kpkpx_tc56     1.800466000000000         1.000000         0.000000    
    kpkpx_tc57     2.256701000000000         1.000000         0.000000    
    kpkpx_tc58     2.859839000000000         1.000000         0.000000    
    kpkpx_tc59     2.655186000000000         1.000000         0.000000    
     kpkpx_ec1     7.451967000000000         1.000000         0.000000    
     kpkpx_ec2     6.915245000000000         1.000000         0.000000    
     kpkpx_ec4     6.899955000000000         1.000000         0.000000    
     kpkpx_ec5     7.080426000000000         1.000000         0.000000    
     kpkpx_ec7     6.856119000000000         1.000000         0.000000    
     kpkpx_ec8     7.042884000000000         1.000000         0.000000    
     kpkpx_ec9     6.994055000000000         1.000000         0.000000    
    kpkpx_ec10     6.954254000000000         1.000000         0.000000    
    kpkpx_ec11     6.831906000000000         1.000000         0.000000    
    kpkpx_ec13     7.019927000000000         1.000000         0.000000    
    kpkpx_ec14     6.816357000000000         1.000000         0.000000    
    kpkpx_ec15     6.868648000000000         1.000000         0.000000    
    kpkpx_ec16     6.759633000000000         1.000000         0.000000    
    kpkpx_ec17     6.901141000000000         1.000000         0.000000    
    kpkpx_ec18     6.838002000000000         1.000000         0.000000    
     kpkpx_ww1     5.697517000000000         1.000000         0.000000    
     kpkpx_ww2     5.156319000000000         1.000000         0.000000    
     kpkpx_ww3     4.857754000000000         1.000000         0.000000    
     kpkpx_ww4     4.489326000000000         1.000000         0.000000    
     kpkpx_ww5     4.625619000000000         1.000000         0.000000    
     kpkpx_ww6     4.787014000000000         1.000000         0.000000    
     kpkpx_ww7     4.801219000000000         1.000000         0.000000    
     kpkpx_ww8     5.423488000000000         1.000000         0.000000    
     kpkpx_ww9     6.711601000000000         1.000000         0.000000    
    kpkpx_ww10     7.332810000000000         1.000000         0.000000    
    kpkpx_ww11     7.590687000000000         1.000000         0.000000    
    kpkpx_ww12     4.078284000000000         1.000000         0.000000    
    kpkpx_ww13     5.395250000000000         1.000000         0.000000    
    kpkpx_ww14     5.536792000000000         1.000000         0.000000    
    kpkpx_ww15     4.776819000000000         1.000000         0.000000    
    kpkpx_ww16     4.862234000000000         1.000000         0.000000    
    kpkpx_ww17     7.870896000000000         1.000000         0.000000    
    kpkpx_ww18     10.26547000000000         1.000000         0.000000    
    kpkpx_ww19     7.553926000000000         1.000000         0.000000    
    kpkpx_ww20     8.984439000000000         1.000000         0.000000    
    kpkpx_ww21     6.379142000000000         1.000000         0.000000    
    kpkpx_ww22     4.887031000000000         1.000000         0.000000    
    kpkpx_ww23     4.739313000000000         1.000000         0.000000    
    kpkpx_ww24     5.940162000000000         1.000000         0.000000    
    kpkpx_ww25     5.071724000000000         1.000000         0.000000    
    kpkpx_ww26     5.754612000000000         1.000000         0.000000    
    kpkpx_ww27     5.469999000000000         1.000000         0.000000    
    kpkpx_ww28     7.111252000000000         1.000000         0.000000    
    kpkpx_ww29     7.046523000000000         1.000000         0.000000    
    kpkpx_ww30     8.838566000000000         1.000000         0.000000    
    kpkpx_ww31     4.507009000000000         1.000000         0.000000    
    kpkpx_ww32     5.626756000000000         1.000000         0.000000    
    kpkpx_ww33     5.216814000000000         1.000000         0.000000    
    kpkpx_ww34     4.785591000000000         1.000000         0.000000    
    kpkpx_ww35     3.819201000000000         1.000000         0.000000    
    kpkpx_ww36     4.226632000000001         1.000000         0.000000    
    kpkpx_ww37     5.013672000000000         1.000000         0.000000    
    kpkpx_ww38     5.182578000000000         1.000000         0.000000    
    kpkpx_ww39     5.428607000000000         1.000000         0.000000    
    kpkpx_ww40     8.345458000000002         1.000000         0.000000    
    kpkpx_ww41     4.445960000000001         1.000000         0.000000    
    kpkpx_ww42     4.530238000000000         1.000000         0.000000    
    kpkpx_ww43     5.993596000000000         1.000000         0.000000    
    kpkpx_ww44     4.760026000000000         1.000000         0.000000    
    kpkpx_ww45     4.738636000000000         1.000000         0.000000    
    kpkpx_ww46     5.351152000000000         1.000000         0.000000    
    kpkpx_ww47     5.596506000000000         1.000000         0.000000    
    kpkpx_ww48     6.896959000000000         1.000000         0.000000    
    kpkpx_ww49     4.461340000000000         1.000000         0.000000    
    kpkpx_ww50     1.538064000000000         1.000000         0.000000    
    kpkpx_ww51    0.2800000000000001         1.000000         0.000000    
    kpkpx_ww52     5.073984000000000         1.000000         0.000000    
    kpkpx_ww53     4.382005000000001         1.000000         0.000000    
    kpkpx_ww54     6.862477000000000         1.000000         0.000000    
    kpkpx_ww55     7.558665000000000         1.000000         0.000000    
    kpkpx_ww56     5.218678000000000         1.000000         0.000000    
    kpkpx_ww57     98.33000000000000         1.000000         0.000000    
    kpkpx_ww58     17.66272000000000         1.000000         0.000000    
    kpkpx_ww59     6.526854000000000         1.000000         0.000000    
    kpkpx_ww60     9.540642000000000         1.000000         0.000000    
    kpkpx_ww61    0.9657997000000000         1.000000         0.000000    
    kpkpx_ww62     1.268157000000000         1.000000         0.000000    
    kpkpx_ww63     12.76095000000000         1.000000         0.000000    
    kpkpx_ww64     4.892086000000000         1.000000         0.000000    
    kpkpx_ww65     8.669242000000002         1.000000         0.000000    
    kpkpx_ww66     6.132958000000000         1.000000         0.000000    
    kpkpx_ww67     4.857874000000000         1.000000         0.000000    
    kpkpx_ww68     8.780771000000000         1.000000         0.000000    
    kpkpx_ww69     8.077599000000000         1.000000         0.000000    
    kpkpx_ww70     4.868733000000000         1.000000         0.000000    
    kpkpx_ww71     6.109482000000000         1.000000         0.000000    
    kpkpx_ww72     5.783165000000000         1.000000         0.000000    
    kpkpx_ww73     6.970482000000000         1.000000         0.000000    
    kpkpx_ww74     8.968320000000000         1.000000         0.000000    
    kpkpx_ww75     8.511408000000000         1.000000         0.000000    
    kpkpx_ww76     6.074728000000000         1.000000         0.000000    
    kpkpx_ww77     5.008150000000000         1.000000         0.000000    
    kpkpx_ww78     4.973846000000000         1.000000         0.000000    
    kpkpx_ww79     5.228193000000000         1.000000         0.000000    
    kpkpx_ww80     4.936815000000000         1.000000         0.000000    
    kpkpx_ww81     4.845709000000000         1.000000         0.000000    
    kpkpx_ww82     4.610484000000000         1.000000         0.000000    
    kpkpx_ww83     6.937331000000000         1.000000         0.000000    
    kpkpx_ww84     6.757620000000000         1.000000         0.000000    
    kpkpx_ww85     5.972127000000000         1.000000         0.000000    
    kpkpx_ww86     4.736763000000000         1.000000         0.000000    
    kpkpx_ww87     4.891044000000000         1.000000         0.000000    
    kpkpx_ww88     5.751304000000000         1.000000         0.000000    
    kpkpx_ww89     4.863335000000000         1.000000         0.000000    
    kpkpx_ww90     5.071341000000000         1.000000         0.000000    
    kpkpx_ww91     4.892972000000000         1.000000         0.000000    
    kpkpx_ww92     4.260105000000001         1.000000         0.000000    
    kpkpx_ww93     5.172857000000000         1.000000         0.000000    
    kpkpx_ww94     3.962527000000000         1.000000         0.000000    
    kpkpx_ww95     5.021005000000000         1.000000         0.000000    
    kpkpx_ww96     4.477525000000000         1.000000         0.000000    
    kpkpx_ww97     5.587769000000000         1.000000         0.000000    
    kpkpx_ww98     5.167886000000000         1.000000         0.000000    
    kpkpx_ww99     5.229369000000000         1.000000         0.000000    
     kpkpx_ms1     9.872503000000000         1.000000         0.000000    
     kpkpx_ms2     7.024077000000000         1.000000         0.000000    
     kpkpx_ms3     6.711744000000000         1.000000         0.000000    
     kpkpx_ms4     3.658915000000000         1.000000         0.000000    
     kpkpx_ms5     5.130189000000000         1.000000         0.000000    
     kpkpx_ms6     5.675296000000000         1.000000         0.000000    
     kpkpx_ms7     5.761206000000000         1.000000         0.000000    
     kpkpx_ms8     5.985970000000000         1.000000         0.000000    
     kpkpx_ms9     12.29177000000000         1.000000         0.000000    
    kpkpx_ms10     31.80275000000000         1.000000         0.000000    
    kpkpx_ms11     5.189763000000000         1.000000         0.000000    
    kpkpx_ms12     6.287155000000000         1.000000         0.000000    
    kpkpx_ms13     6.481884000000000         1.000000         0.000000    
    kpkpx_ms14     7.523170000000000         1.000000         0.000000    
    kpkpx_ms15     6.037190000000000         1.000000         0.000000    
    kpkpx_ms16     5.920663000000000         1.000000         0.000000    
    kpkpx_ms17     24.33882000000000         1.000000         0.000000    
    kpkpx_ms18     50.08679000000000         1.000000         0.000000    
    kpkpx_ms19     73.06000000000000         1.000000         0.000000    
    kpkpx_ms20     34.02263000000000         1.000000         0.000000    
    kpkpx_ms21     13.30549000000000         1.000000         0.000000    
    kpkpx_ms22     5.856084000000000         1.000000         0.000000    
    kpkpx_ms23     6.939886000000000         1.000000         0.000000    
    kpkpx_ms24     16.22256000000000         1.000000         0.000000    
    kpkpx_ms25     9.260089000000000         1.000000         0.000000    
    kpkpx_ms26     11.36110000000000         1.000000         0.000000    
    kpkpx_ms27     9.987275000000000         1.000000         0.000000    
    kpkpx_ms28     7.584726000000000         1.000000         0.000000    
    kpkpx_ms29     73.06000000000000         1.000000         0.000000    
    kpkpx_ms30     73.06000000000000         1.000000         0.000000    
    kpkpx_ms31     4.719002000000000         1.000000         0.000000    
    kpkpx_ms32     10.61769000000000         1.000000         0.000000    
    kpkpx_ms33     7.561388000000000         1.000000         0.000000    
    kpkpx_ms34     6.258111000000000         1.000000         0.000000    
    kpkpx_ms35     3.228229000000000         1.000000         0.000000    
    kpkpx_ms36     7.844439000000000         1.000000         0.000000    
    kpkpx_ms37     2.797519000000000         1.000000         0.000000    
    kpkpx_ms38     3.132515000000000         1.000000         0.000000    
    kpkpx_ms39     7.440179000000000         1.000000         0.000000    
    kpkpx_ms40     10.97682000000000         1.000000         0.000000    
    kpkpx_ms41     7.162062000000000         1.000000         0.000000    
    kpkpx_ms42     4.918073000000000         1.000000         0.000000    
    kpkpx_ms43     16.05902000000000         1.000000         0.000000    
    kpkpx_ms44     14.07703000000000         1.000000         0.000000    
    kpkpx_ms45     6.047356000000000         1.000000         0.000000    
    kpkpx_ms46     6.921629000000000         1.000000         0.000000    
    kpkpx_ms47     73.06000000000000         1.000000         0.000000    
    kpkpx_ms48    0.5345395000000000         1.000000         0.000000    
    kpkpx_ms49    0.3200000000000000         1.000000         0.000000    
    kpkpx_ms50     63.25551000000000         1.000000         0.000000    
    kpkpx_ms51     73.06000000000000         1.000000         0.000000    
    kpkpx_ms52     73.06000000000000         1.000000         0.000000    
    kpkpx_ms53     5.220477000000000         1.000000         0.000000    
    kpkpx_ms54     16.03902000000000         1.000000         0.000000    
    kpkpx_ms55     73.06000000000000         1.000000         0.000000    
    kpkpx_ms56     5.758701000000000         1.000000         0.000000    
    kpkpx_ms57     9.280408000000000         1.000000         0.000000    
    kpkpx_ms58     15.04639000000000         1.000000         0.000000    
    kpkpx_ms59     11.93931000000000         1.000000         0.000000    
    kpkpx_ms60     15.38564000000000         1.000000         0.000000    
    kpkpx_ms61     9.954250000000000         1.000000         0.000000    
    kpkpx_ms62     17.06286000000000         1.000000         0.000000    
    kpkpx_ms63     61.30810000000000         1.000000         0.000000    
    kpkpx_ms64     73.06000000000000         1.000000         0.000000    
    kpkpx_ms65     46.93291000000000         1.000000         0.000000    
    kpkpx_ms66     13.63294000000000         1.000000         0.000000    
    kpkpx_ms67     5.542125000000000         1.000000         0.000000    
    kpkpx_ms68     9.431281000000000         1.000000         0.000000    
    kpkpx_ms69     7.900215000000000         1.000000         0.000000    
    kpkpx_ms70     6.226355000000000         1.000000         0.000000    
    kpkpx_ms71     10.45351000000000         1.000000         0.000000    
    kpkpx_ms72     13.16281000000000         1.000000         0.000000    
    kpkpx_ms73     73.06000000000000         1.000000         0.000000    
    kpkpx_ms74     73.06000000000000         1.000000         0.000000    
    kpkpx_ms75     73.06000000000000         1.000000         0.000000    
    kpkpx_ms76     13.28327000000000         1.000000         0.000000    
    kpkpx_ms77     6.602717000000000         1.000000         0.000000    
    kpkpx_ms78     5.857594000000000         1.000000         0.000000    
    kpkpx_ms79     8.691438000000000         1.000000         0.000000    
    kpkpx_ms80     6.887726000000000         1.000000         0.000000    
    kpkpx_ms81     8.877307000000000         1.000000         0.000000    
    kpkpx_ms82     9.294268000000000         1.000000         0.000000    
    kpkpx_ms83     73.06000000000000         1.000000         0.000000    
    kpkpx_ms84     31.69462000000000         1.000000         0.000000    
    kpkpx_ms85     12.77121000000000         1.000000         0.000000    
    kpkpx_ms86     5.620482000000000         1.000000         0.000000    
    kpkpx_ms87     6.474466000000000         1.000000         0.000000    
    kpkpx_ms88     10.09234000000000         1.000000         0.000000    
    kpkpx_ms89     5.830510000000000         1.000000         0.000000    
    kpkpx_ms90     5.827205000000000         1.000000         0.000000    
    kpkpx_ms91     6.766838000000000         1.000000         0.000000    
    kpkpx_ms92     4.918820000000000         1.000000         0.000000    
    kpkpx_ms93     18.65579000000000         1.000000         0.000000    
    kpkpx_ms94     16.86202000000000         1.000000         0.000000    
    kpkpx_ms95     16.45013000000000         1.000000         0.000000    
    kpkpx_ms96     5.851081000000000         1.000000         0.000000    
    kpkpx_ms97     11.00156000000000         1.000000         0.000000    
    kpkpx_ms98     8.498031000000000         1.000000         0.000000    
    kpkpx_ms99     7.452941000000000         1.000000         0.000000    
     kzkpz_tc2    6.1725960000000000E-02     1.000000         0.000000    
     kzkpz_tc3    6.2779994000000008E-02     1.000000         0.000000    
     kzkpz_tc4    6.2929768000000000E-02     1.000000         0.000000    
     kzkpz_tc7    6.3780621999999992E-02     1.000000         0.000000    
     kzkpz_tc8    3.9223245000000000E-02     1.000000         0.000000    
     kzkpz_tc9    6.7550722999999992E-02     1.000000         0.000000    
    kzkpz_tc10    4.8993928000000000E-02     1.000000         0.000000    
    kzkpz_tc11    5.3906456000000000E-02     1.000000         0.000000    
    kzkpz_tc12    5.5370027000000000E-02     1.000000         0.000000    
    kzkpz_tc13    5.8607084000000000E-02     1.000000         0.000000    
    kzkpz_tc14    6.2278406000000000E-02     1.000000         0.000000    
    kzkpz_tc15    4.6399782000000000E-02     1.000000         0.000000    
    kzkpz_tc16    5.2763927000000000E-02     1.000000         0.000000    
    kzkpz_tc17    5.3645862000000000E-02     1.000000         0.000000    
    kzkpz_tc18    5.2702105000000000E-02     1.000000         0.000000    
    kzkpz_tc19    4.3944272000000000E-02     1.000000         0.000000    
    kzkpz_tc20    5.9978159000000000E-02     1.000000         0.000000    
    kzkpz_tc21    0.1738099000000000         1.000000         0.000000    
    kzkpz_tc22    6.0832714000000000E-02     1.000000         0.000000    
    kzkpz_tc23    4.9158634000000000E-02     1.000000         0.000000    
    kzkpz_tc24    5.9583192000000000E-02     1.000000         0.000000    
    kzkpz_tc25    5.7044096000000000E-02     1.000000         0.000000    
    kzkpz_tc27    7.0895505000000000E-02     1.000000         0.000000    
    kzkpz_tc28    8.8560518000000000E-02     1.000000         0.000000    
    kzkpz_tc29    5.3267096000000000E-02     1.000000         0.000000    
    kzkpz_tc30    5.6317466000000000E-02     1.000000         0.000000    
    kzkpz_tc31    4.5657563000000000E-02     1.000000         0.000000    
    kzkpz_tc32    5.1013233000000000E-02     1.000000         0.000000    
    kzkpz_tc33    5.1401866000000000E-02     1.000000         0.000000    
    kzkpz_tc34    4.1898528000000000E-02     1.000000         0.000000    
    kzkpz_tc35    1.4575092000000000E-02     1.000000         0.000000    
    kzkpz_tc36    3.6684223000000000E-02     1.000000         0.000000    
    kzkpz_tc37    4.2914353000000000E-02     1.000000         0.000000    
    kzkpz_tc38    5.1609683000000000E-02     1.000000         0.000000    
    kzkpz_tc39    5.1835593000000000E-02     1.000000         0.000000    
    kzkpz_tc40    5.0794691000000000E-02     1.000000         0.000000    
    kzkpz_tc41    5.1286587000000000E-02     1.000000         0.000000    
    kzkpz_tc42    4.9611913000000000E-02     1.000000         0.000000    
    kzkpz_tc43    4.9377201000000000E-02     1.000000         0.000000    
    kzkpz_tc44    4.7266466000000000E-02     1.000000         0.000000    
    kzkpz_tc45    2.6074299000000000E-02     1.000000         0.000000    
    kzkpz_tc46    4.6626457000000000E-02     1.000000         0.000000    
    kzkpz_tc47    4.4028636000000000E-02     1.000000         0.000000    
    kzkpz_tc48    4.9485983000000000E-02     1.000000         0.000000    
    kzkpz_tc49    5.1197977000000000E-02     1.000000         0.000000    
    kzkpz_tc50    5.3981579000000000E-02     1.000000         0.000000    
    kzkpz_tc52    5.2574142000000000E-02     1.000000         0.000000    
    kzkpz_tc53    5.0852723000000000E-02     1.000000         0.000000    
    kzkpz_tc54    5.4397057000000000E-02     1.000000         0.000000    
    kzkpz_tc55    4.1432755000000000E-02     1.000000         0.000000    
    kzkpz_tc56    4.0466827000000000E-02     1.000000         0.000000    
    kzkpz_tc57    3.7464987000000000E-02     1.000000         0.000000    
    kzkpz_tc58    4.3772227000000000E-02     1.000000         0.000000    
    kzkpz_tc59    4.8128549000000000E-02     1.000000         0.000000    
     kzkpz_ec1    0.1009408000000000         1.000000         0.000000    
     kzkpz_ec2    0.1005421000000000         1.000000         0.000000    
     kzkpz_ec4    0.1004920000000000         1.000000         0.000000    
     kzkpz_ec5    9.9494053000000000E-02     1.000000         0.000000    
     kzkpz_ec7    0.1003765000000000         1.000000         0.000000    
     kzkpz_ec8    0.1008386000000000         1.000000         0.000000    
     kzkpz_ec9    0.1005304000000000         1.000000         0.000000    
    kzkpz_ec10    0.1005784000000000         1.000000         0.000000    
    kzkpz_ec11    0.1001604000000000         1.000000         0.000000    
    kzkpz_ec13    0.1001498000000000         1.000000         0.000000    
    kzkpz_ec14    9.9872636000000000E-02     1.000000         0.000000    
    kzkpz_ec15    0.1017476000000000         1.000000         0.000000    
    kzkpz_ec16    0.1006086000000000         1.000000         0.000000    
    kzkpz_ec17    0.1003439000000000         1.000000         0.000000    
    kzkpz_ec18    0.1000864000000000         1.000000         0.000000    
     kzkpz_ww1    0.1010193000000000         1.000000         0.000000    
     kzkpz_ww2    0.1017952000000000         1.000000         0.000000    
     kzkpz_ww3    9.9603046000000000E-02     1.000000         0.000000    
     kzkpz_ww4    9.9473925000000000E-02     1.000000         0.000000    
     kzkpz_ww5    9.9971808000000000E-02     1.000000         0.000000    
     kzkpz_ww6    9.9894448000000000E-02     1.000000         0.000000    
     kzkpz_ww7    0.1002794000000000         1.000000         0.000000    
     kzkpz_ww8    0.1000480000000000         1.000000         0.000000    
     kzkpz_ww9    0.1009167000000000         1.000000         0.000000    
    kzkpz_ww10    0.1018378000000000         1.000000         0.000000    
    kzkpz_ww11    0.1018904000000000         1.000000         0.000000    
    kzkpz_ww12    9.4608089000000000E-02     1.000000         0.000000    
    kzkpz_ww13    0.1018889000000000         1.000000         0.000000    
    kzkpz_ww14    9.9891062000000000E-02     1.000000         0.000000    
    kzkpz_ww15    0.1001390000000000         1.000000         0.000000    
    kzkpz_ww16    0.1003398000000000         1.000000         0.000000    
    kzkpz_ww17    0.1038192000000000         1.000000         0.000000    
    kzkpz_ww18    0.1103698000000000         1.000000         0.000000    
    kzkpz_ww19    0.1039324000000000         1.000000         0.000000    
    kzkpz_ww20    0.1012275000000000         1.000000         0.000000    
    kzkpz_ww21    0.1086799000000000         1.000000         0.000000    
    kzkpz_ww22    0.1013663000000000         1.000000         0.000000    
    kzkpz_ww23    9.8711956000000000E-02     1.000000         0.000000    
    kzkpz_ww24    9.8146392000000000E-02     1.000000         0.000000    
    kzkpz_ww25    9.7271209000000000E-02     1.000000         0.000000    
    kzkpz_ww26    0.1016591000000000         1.000000         0.000000    
    kzkpz_ww27    0.1012592000000000         1.000000         0.000000    
    kzkpz_ww28    0.1066062000000000         1.000000         0.000000    
    kzkpz_ww29    0.1059060000000000         1.000000         0.000000    
    kzkpz_ww30    0.1012388000000000         1.000000         0.000000    
    kzkpz_ww31    0.1006105000000000         1.000000         0.000000    
    kzkpz_ww32    0.1009335000000000         1.000000         0.000000    
    kzkpz_ww33    0.1002902000000000         1.000000         0.000000    
    kzkpz_ww34    9.9063275000000000E-02     1.000000         0.000000    
    kzkpz_ww35    9.5941064000000000E-02     1.000000         0.000000    
    kzkpz_ww36    9.7965571000000000E-02     1.000000         0.000000    
    kzkpz_ww37    0.1000397000000000         1.000000         0.000000    
    kzkpz_ww38    9.9802370000000000E-02     1.000000         0.000000    
    kzkpz_ww39    9.7480368000000000E-02     1.000000         0.000000    
    kzkpz_ww40    9.8051288000000000E-02     1.000000         0.000000    
    kzkpz_ww41    9.9043204000000000E-02     1.000000         0.000000    
    kzkpz_ww42    9.7749525000000000E-02     1.000000         0.000000    
    kzkpz_ww43    0.1005183000000000         1.000000         0.000000    
    kzkpz_ww44    0.1004513000000000         1.000000         0.000000    
    kzkpz_ww45    0.1003305000000000         1.000000         0.000000    
    kzkpz_ww46    0.1009514000000000         1.000000         0.000000    
    kzkpz_ww47    0.1003486000000000         1.000000         0.000000    
    kzkpz_ww48    9.5755085000000000E-02     1.000000         0.000000    
    kzkpz_ww49    8.9408977000000000E-02     1.000000         0.000000    
    kzkpz_ww50    8.0404448000000000E-02     1.000000         0.000000    
    kzkpz_ww51    5.8733849000000000E-02     1.000000         0.000000    
    kzkpz_ww52    9.0725823000000000E-02     1.000000         0.000000    
    kzkpz_ww53    9.9620795000000000E-02     1.000000         0.000000    
    kzkpz_ww54    0.1010195000000000         1.000000         0.000000    
    kzkpz_ww55    0.1023658000000000         1.000000         0.000000    
    kzkpz_ww56    9.9273258000000000E-02     1.000000         0.000000    
    kzkpz_ww57    0.1002444000000000         1.000000         0.000000    
    kzkpz_ww58    0.1007325000000000         1.000000         0.000000    
    kzkpz_ww59    9.3970742000000000E-02     1.000000         0.000000    
    kzkpz_ww60    9.6207031000000000E-02     1.000000         0.000000    
    kzkpz_ww61    0.1067708000000000         1.000000         0.000000    
    kzkpz_ww62    6.4266208000000008E-02     1.000000         0.000000    
    kzkpz_ww63    9.6526008000000000E-02     1.000000         0.000000    
    kzkpz_ww64    9.1606896000000000E-02     1.000000         0.000000    
    kzkpz_ww65    0.1024868000000000         1.000000         0.000000    
    kzkpz_ww66    0.1009168000000000         1.000000         0.000000    
    kzkpz_ww67    0.1000498000000000         1.000000         0.000000    
    kzkpz_ww68    0.1048591000000000         1.000000         0.000000    
    kzkpz_ww69    0.1021375000000000         1.000000         0.000000    
    kzkpz_ww70    9.9016786000000000E-02     1.000000         0.000000    
    kzkpz_ww71    8.6975331000000000E-02     1.000000         0.000000    
    kzkpz_ww72    7.0405548000000000E-02     1.000000         0.000000    
    kzkpz_ww73    9.4814172000000000E-02     1.000000         0.000000    
    kzkpz_ww74    0.1003543000000000         1.000000         0.000000    
    kzkpz_ww75    0.1002528000000000         1.000000         0.000000    
    kzkpz_ww76    0.1009947000000000         1.000000         0.000000    
    kzkpz_ww77    0.1001262000000000         1.000000         0.000000    
    kzkpz_ww78    0.1001814000000000         1.000000         0.000000    
    kzkpz_ww79    0.1014519000000000         1.000000         0.000000    
    kzkpz_ww80    0.1009870000000000         1.000000         0.000000    
    kzkpz_ww81    9.7519532000000000E-02     1.000000         0.000000    
    kzkpz_ww82    9.8270625000000000E-02     1.000000         0.000000    
    kzkpz_ww83    7.5500209000000000E-02     1.000000         0.000000    
    kzkpz_ww84    9.8811912000000000E-02     1.000000         0.000000    
    kzkpz_ww85    9.8822615000000000E-02     1.000000         0.000000    
    kzkpz_ww86    9.9604044000000000E-02     1.000000         0.000000    
    kzkpz_ww87    0.1002431000000000         1.000000         0.000000    
    kzkpz_ww88    0.1011495000000000         1.000000         0.000000    
    kzkpz_ww89    9.9918748000000000E-02     1.000000         0.000000    
    kzkpz_ww90    0.1030610000000000         1.000000         0.000000    
    kzkpz_ww91    0.1008657000000000         1.000000         0.000000    
    kzkpz_ww92    9.9247158000000000E-02     1.000000         0.000000    
    kzkpz_ww93    9.9517361000000000E-02     1.000000         0.000000    
    kzkpz_ww94    9.5959038000000000E-02     1.000000         0.000000    
    kzkpz_ww95    9.2918869000000000E-02     1.000000         0.000000    
    kzkpz_ww96    9.5951268000000000E-02     1.000000         0.000000    
    kzkpz_ww97    9.5106113000000000E-02     1.000000         0.000000    
    kzkpz_ww98    9.9231684000000000E-02     1.000000         0.000000    
    kzkpz_ww99    0.1002772000000000         1.000000         0.000000    
     kzkpz_ms1    0.1010063000000000         1.000000         0.000000    
     kzkpz_ms2    0.1005761000000000         1.000000         0.000000    
     kzkpz_ms3    9.9485132000000000E-02     1.000000         0.000000    
     kzkpz_ms4    9.9514076000000000E-02     1.000000         0.000000    
     kzkpz_ms5    9.9892869000000000E-02     1.000000         0.000000    
     kzkpz_ms6    9.9599431000000000E-02     1.000000         0.000000    
     kzkpz_ms7    9.9992678000000000E-02     1.000000         0.000000    
     kzkpz_ms8    0.1000980000000000         1.000000         0.000000    
     kzkpz_ms9    0.1005425000000000         1.000000         0.000000    
    kzkpz_ms10    0.1014085000000000         1.000000         0.000000    
    kzkpz_ms11    0.1018366000000000         1.000000         0.000000    
    kzkpz_ms12    9.2762287000000000E-02     1.000000         0.000000    
    kzkpz_ms13    0.1007802000000000         1.000000         0.000000    
    kzkpz_ms14    9.9626607000000000E-02     1.000000         0.000000    
    kzkpz_ms15    0.1002967000000000         1.000000         0.000000    
    kzkpz_ms16    9.9920893000000000E-02     1.000000         0.000000    
    kzkpz_ms17    0.1031284000000000         1.000000         0.000000    
    kzkpz_ms18    0.1047156000000000         1.000000         0.000000    
    kzkpz_ms19    0.1036741000000000         1.000000         0.000000    
    kzkpz_ms20    0.1011737000000000         1.000000         0.000000    
    kzkpz_ms21    0.1091847000000000         1.000000         0.000000    
    kzkpz_ms22    0.1012158000000000         1.000000         0.000000    
    kzkpz_ms23    9.7340191000000000E-02     1.000000         0.000000    
    kzkpz_ms24    9.3881424000000000E-02     1.000000         0.000000    
    kzkpz_ms25    9.6941143000000000E-02     1.000000         0.000000    
    kzkpz_ms26    0.1018590000000000         1.000000         0.000000    
    kzkpz_ms27    0.1010854000000000         1.000000         0.000000    
    kzkpz_ms28    0.1053897000000000         1.000000         0.000000    
    kzkpz_ms29    0.1037520000000000         1.000000         0.000000    
    kzkpz_ms30    0.1026532000000000         1.000000         0.000000    
    kzkpz_ms31    0.1010449000000000         1.000000         0.000000    
    kzkpz_ms32    0.1015672000000000         1.000000         0.000000    
    kzkpz_ms33    0.1004646000000000         1.000000         0.000000    
    kzkpz_ms34    9.9566845000000000E-02     1.000000         0.000000    
    kzkpz_ms35    9.5419194000000000E-02     1.000000         0.000000    
    kzkpz_ms36    9.7823014000000000E-02     1.000000         0.000000    
    kzkpz_ms37    0.1002099000000000         1.000000         0.000000    
    kzkpz_ms38    0.1004248000000000         1.000000         0.000000    
    kzkpz_ms39    0.1001304000000000         1.000000         0.000000    
    kzkpz_ms40    9.9230941000000000E-02     1.000000         0.000000    
    kzkpz_ms41    9.7605912000000000E-02     1.000000         0.000000    
    kzkpz_ms42    9.7286867000000000E-02     1.000000         0.000000    
    kzkpz_ms43    0.1004284000000000         1.000000         0.000000    
    kzkpz_ms44    9.6740007000000000E-02     1.000000         0.000000    
    kzkpz_ms45    0.1000687000000000         1.000000         0.000000    
    kzkpz_ms46    0.1016915000000000         1.000000         0.000000    
    kzkpz_ms47    0.1010977000000000         1.000000         0.000000    
    kzkpz_ms48    9.7538221000000000E-02     1.000000         0.000000    
    kzkpz_ms49    9.5684508000000000E-02     1.000000         0.000000    
    kzkpz_ms50    9.4307734000000000E-02     1.000000         0.000000    
    kzkpz_ms51    6.4370761000000000E-02     1.000000         0.000000    
    kzkpz_ms52    9.1757100000000000E-02     1.000000         0.000000    
    kzkpz_ms53    9.9824931000000000E-02     1.000000         0.000000    
    kzkpz_ms54    0.1007292000000000         1.000000         0.000000    
    kzkpz_ms55    0.1033228000000000         1.000000         0.000000    
    kzkpz_ms56    9.9576497000000000E-02     1.000000         0.000000    
    kzkpz_ms57    9.9943884000000000E-02     1.000000         0.000000    
    kzkpz_ms58    0.1009559000000000         1.000000         0.000000    
    kzkpz_ms59    9.9469170000000000E-02     1.000000         0.000000    
    kzkpz_ms60    9.7924174000000000E-02     1.000000         0.000000    
    kzkpz_ms61    0.1005547000000000         1.000000         0.000000    
    kzkpz_ms62    4.5682119000000000E-02     1.000000         0.000000    
    kzkpz_ms63    9.7819576000000000E-02     1.000000         0.000000    
    kzkpz_ms64    9.0660107000000000E-02     1.000000         0.000000    
    kzkpz_ms65    0.1021289000000000         1.000000         0.000000    
    kzkpz_ms66    0.1012542000000000         1.000000         0.000000    
    kzkpz_ms67    9.9782521000000000E-02     1.000000         0.000000    
    kzkpz_ms68    0.1020253000000000         1.000000         0.000000    
    kzkpz_ms69    0.1021409000000000         1.000000         0.000000    
    kzkpz_ms70    0.1002094000000000         1.000000         0.000000    
    kzkpz_ms71    9.6426712000000000E-02     1.000000         0.000000    
    kzkpz_ms72    0.1039226000000000         1.000000         0.000000    
    kzkpz_ms73    0.1016324000000000         1.000000         0.000000    
    kzkpz_ms74    0.1025330000000000         1.000000         0.000000    
    kzkpz_ms75    0.1005766000000000         1.000000         0.000000    
    kzkpz_ms76    0.1004160000000000         1.000000         0.000000    
    kzkpz_ms77    0.1002023000000000         1.000000         0.000000    
    kzkpz_ms78    0.1000862000000000         1.000000         0.000000    
    kzkpz_ms79    9.9159671000000000E-02     1.000000         0.000000    
    kzkpz_ms80    0.1005722000000000         1.000000         0.000000    
    kzkpz_ms81    9.7628241000000000E-02     1.000000         0.000000    
    kzkpz_ms82    9.7401143000000000E-02     1.000000         0.000000    
    kzkpz_ms83    8.7741068000000000E-02     1.000000         0.000000    
    kzkpz_ms84    9.8557189000000000E-02     1.000000         0.000000    
    kzkpz_ms85    9.9014721000000000E-02     1.000000         0.000000    
    kzkpz_ms86    9.9601352000000000E-02     1.000000         0.000000    
    kzkpz_ms87    0.1002863000000000         1.000000         0.000000    
    kzkpz_ms88    0.1010114000000000         1.000000         0.000000    
    kzkpz_ms89    9.9977260000000000E-02     1.000000         0.000000    
    kzkpz_ms90    0.1017588000000000         1.000000         0.000000    
    kzkpz_ms91    9.9922972000000000E-02     1.000000         0.000000    
    kzkpz_ms92    9.7461110000000000E-02     1.000000         0.000000    
    kzkpz_ms93    9.5983389000000000E-02     1.000000         0.000000    
    kzkpz_ms94    9.0351988000000000E-02     1.000000         0.000000    
    kzkpz_ms95    9.3141953000000000E-02     1.000000         0.000000    
    kzkpz_ms96    9.5037773000000000E-02     1.000000         0.000000    
    kzkpz_ms97    9.5522103000000000E-02     1.000000         0.000000    
    kzkpz_ms98    9.9773325000000000E-02     1.000000         0.000000    
    kzkpz_ms99    0.1001833000000000         1.000000         0.000000    
          kh_c     30.69900000000000         1.000000         0.000000    
          kh_f     28.06000000000000         1.000000         0.000000    
        kh_ghh     30.30922000000000         1.000000         0.000000    
        kh_ghr     29.95132000000000         1.000000         0.000000    
        kh_ghs     30.18932000000000         1.000000         0.000000    
          kh_l     29.51500000000000         1.000000         0.000000    
         kh_lo     30.24160000000000         1.000000         0.000000    
         kh_lw     29.08600000000000         1.000000         0.000000    
         kh_oh     29.67500000000000         1.000000         0.000000    
          kh_p     30.13200000000000         1.000000         0.000000    
         kh_po     29.87430000000000         1.000000         0.000000    
         kh_ps     30.51780000000000         1.000000         0.000000    
         kh_pw     30.09250000000000         1.000000         0.000000    
          kh_r     30.33600000000000         1.000000         0.000000    
          kh_s     30.16600000000000         1.000000         0.000000    
         kh_sc     30.64490000000000         1.000000         0.000000    
         kh_sd     30.94910000000000         1.000000         0.000000    
         kh_sn     30.22100000000000         1.000000         0.000000    
         kh_su     30.01380000000000         1.000000         0.000000    
          kh_w     30.28600000000000         1.000000         0.000000    
        kh_wat     29.96054000000000         1.000000         0.000000    
        kh_ca2     30.16724000000000         1.000000         0.000000    
         kh_hp     32.91290000000000         1.000000         0.000000    
         kh_ca     30.66870000000000         1.000000         0.000000    
         kh_cr     38.39270000000000         1.000000         0.000000    
         kh_gg     30.77020000000000         1.000000         0.000000    
        kh_lca     30.77184000000000         1.000000         0.000000    
          kv_c    9.9910000000000000E-02     1.000000         0.000000    
          kv_f    9.9990000000000000E-02     1.000000         0.000000    
        kv_ghh    0.1000239000000000         1.000000         0.000000    
        kv_ghr    0.1005785000000000         1.000000         0.000000    
        kv_ghs    9.9721800000000000E-02     1.000000         0.000000    
          kv_l    9.9910000000000000E-02     1.000000         0.000000    
         kv_lo    9.9980000000000000E-02     1.000000         0.000000    
         kv_lw    9.9991000000000000E-02     1.000000         0.000000    
         kv_oh    9.9982000000000000E-02     1.000000         0.000000    
          kv_p    9.9640000000000000E-02     1.000000         0.000000    
         kv_po    0.1003870000000000         1.000000         0.000000    
         kv_ps    9.9898000000000000E-02     1.000000         0.000000    
         kv_pw    9.9340000000000000E-02     1.000000         0.000000    
          kv_r    9.8940000000000000E-02     1.000000         0.000000    
          kv_s    9.9740000000000000E-02     1.000000         0.000000    
         kv_sc    9.9346000000000000E-02     1.000000         0.000000    
         kv_sd    9.9930000000000000E-02     1.000000         0.000000    
         kv_sn    9.9972000000000000E-02     1.000000         0.000000    
         kv_su    9.9666000000000000E-02     1.000000         0.000000    
          kv_w    9.9930000000000000E-02     1.000000         0.000000    
        kv_wat    0.1002834000000000         1.000000         0.000000    
        kv_ca2    9.9551900000000000E-02     1.000000         0.000000    
         kv_hp    0.1001790000000000         1.000000         0.000000    
         kv_ca    9.9677000000000000E-02     1.000000         0.000000    
         kv_cr    0.1006480000000000         1.000000         0.000000    
         kv_gg    9.9934000000000000E-02     1.000000         0.000000    
        kv_lca    0.1000506000000000         1.000000         0.000000    
         r_col    0.9999510000000000         1.000000         0.000000    
          r_ca     1.000000000000000         1.000000         0.000000    
          r_hp    0.9999800000000000         1.000000         0.000000    
         r_ca2    0.9999940000000000         1.000000         0.000000    
          r_cr    0.9999900000000000         1.000000         0.000000    
          r_gg     1.000000000000000         1.000000         0.000000    
          r_lc     1.000000000000000         1.000000         0.000000    
          sfrc    0.6933000000000000         1.000000         0.000000    
       wr_drnc     1.002739000000000         1.000000         0.000000    
