single point
 kpkpx_tc2      4.023977        1.00000        0.00000    
 kpkpx_tc3      5.777203        1.00000        0.00000    
 kpkpx_tc4      4.683820        1.00000        0.00000    
 kpkpx_tc7      4.640311        1.00000        0.00000    
 kpkpx_tc8      3.020671        1.00000        0.00000    
 kpkpx_tc9      4.315883        1.00000        0.00000    
 kpkpx_tc10     1.697673        1.00000        0.00000    
 kpkpx_tc11     4.813494        1.00000        0.00000    
 kpkpx_tc12     2.941805        1.00000        0.00000    
 kpkpx_tc13     5.280934        1.00000        0.00000    
 kpkpx_tc14     5.272107        1.00000        0.00000    
 kpkpx_tc15     3.301313        1.00000        0.00000    
 kpkpx_tc16     2.811341        1.00000        0.00000    
 kpkpx_tc17     2.480409        1.00000        0.00000    
 kpkpx_tc18     4.752882        1.00000        0.00000    
 kpkpx_tc19     7.873837        1.00000        0.00000    
 kpkpx_tc20     1.233215        1.00000        0.00000    
 kpkpx_tc21     1.637323        1.00000        0.00000    
 kpkpx_tc22     1.781017        1.00000        0.00000    
 kpkpx_tc23     2.381821        1.00000        0.00000    
 kpkpx_tc24     4.730071        1.00000        0.00000    
 kpkpx_tc25     4.556210        1.00000        0.00000    
 kpkpx_tc27     1.180942        1.00000        0.00000    
 kpkpx_tc28     3.343669        1.00000        0.00000    
 kpkpx_tc29     2.177783        1.00000        0.00000    
 kpkpx_tc30     2.920192        1.00000        0.00000    
 kpkpx_tc31     8.073207        1.00000        0.00000    
 kpkpx_tc32     3.194158        1.00000        0.00000    
 kpkpx_tc33     2.317628        1.00000        0.00000    
 kpkpx_tc34     2.157501        1.00000        0.00000    
 kpkpx_tc35    0.9190267        1.00000        0.00000    
 kpkpx_tc36     1.575456        1.00000        0.00000    
 kpkpx_tc37     2.945327        1.00000        0.00000    
 kpkpx_tc38     4.039966        1.00000        0.00000    
 kpkpx_tc39     4.676987        1.00000        0.00000    
 kpkpx_tc40     1.833453        1.00000        0.00000    
 kpkpx_tc41     2.637992        1.00000        0.00000    
 kpkpx_tc42     2.408738        1.00000        0.00000    
 kpkpx_tc43     2.545959        1.00000        0.00000    
 kpkpx_tc44     2.244712        1.00000        0.00000    
 kpkpx_tc45     1.186921        1.00000        0.00000    
 kpkpx_tc46     3.171006        1.00000        0.00000    
 kpkpx_tc47     2.557995        1.00000        0.00000    
 kpkpx_tc48     2.362479        1.00000        0.00000    
 kpkpx_tc49     3.028900        1.00000        0.00000    
 kpkpx_tc50     3.869825        1.00000        0.00000    
 kpkpx_tc52     2.695943        1.00000        0.00000    
 kpkpx_tc53     2.267526        1.00000        0.00000    
 kpkpx_tc54     2.425363        1.00000        0.00000    
 kpkpx_tc55     2.161674        1.00000        0.00000    
 kpkpx_tc56     1.707851        1.00000        0.00000    
 kpkpx_tc57     2.333588        1.00000        0.00000    
 kpkpx_tc58     3.043034        1.00000        0.00000    
 kpkpx_tc59     2.933573        1.00000        0.00000    
 kpkpx_ec1      7.411762        1.00000        0.00000    
 kpkpx_ec2      6.958654        1.00000        0.00000    
 kpkpx_ec4      6.992835        1.00000        0.00000    
 kpkpx_ec5      7.166917        1.00000        0.00000    
 kpkpx_ec7      6.988556        1.00000        0.00000    
 kpkpx_ec8      7.185668        1.00000        0.00000    
 kpkpx_ec9      7.275058        1.00000        0.00000    
 kpkpx_ec10     7.146160        1.00000        0.00000    
 kpkpx_ec11     6.758984        1.00000        0.00000    
 kpkpx_ec13     7.156313        1.00000        0.00000    
 kpkpx_ec14     6.980269        1.00000        0.00000    
 kpkpx_ec15     7.036477        1.00000        0.00000    
 kpkpx_ec16     6.882279        1.00000        0.00000    
 kpkpx_ec17     6.931896        1.00000        0.00000    
 kpkpx_ec18     6.847531        1.00000        0.00000    
 kpkpx_ww1      9.185167        1.00000        0.00000    
 kpkpx_ww2      5.461444        1.00000        0.00000    
 kpkpx_ww3      4.185354        1.00000        0.00000    
 kpkpx_ww4      4.486763        1.00000        0.00000    
 kpkpx_ww5      4.647058        1.00000        0.00000    
 kpkpx_ww6      4.934990        1.00000        0.00000    
 kpkpx_ww7      4.902522        1.00000        0.00000    
 kpkpx_ww8      5.392027        1.00000        0.00000    
 kpkpx_ww9      6.577540        1.00000        0.00000    
 kpkpx_ww10     7.043790        1.00000        0.00000    
 kpkpx_ww11     8.648359        1.00000        0.00000    
 kpkpx_ww12     2.727364        1.00000        0.00000    
 kpkpx_ww13     3.976310        1.00000        0.00000    
 kpkpx_ww14     5.513465        1.00000        0.00000    
 kpkpx_ww15     5.087057        1.00000        0.00000    
 kpkpx_ww16     5.149791        1.00000        0.00000    
 kpkpx_ww17     7.023570        1.00000        0.00000    
 kpkpx_ww18     9.285710        1.00000        0.00000    
 kpkpx_ww19     7.105647        1.00000        0.00000    
 kpkpx_ww20     8.037502        1.00000        0.00000    
 kpkpx_ww21     7.052693        1.00000        0.00000    
 kpkpx_ww22     5.186594        1.00000        0.00000    
 kpkpx_ww23     3.836613        1.00000        0.00000    
 kpkpx_ww24     5.352304        1.00000        0.00000    
 kpkpx_ww25     5.403139        1.00000        0.00000    
 kpkpx_ww26     6.747015        1.00000        0.00000    
 kpkpx_ww27     5.865309        1.00000        0.00000    
 kpkpx_ww28     6.157346        1.00000        0.00000    
 kpkpx_ww29     6.466570        1.00000        0.00000    
 kpkpx_ww30     10.93444        1.00000        0.00000    
 kpkpx_ww31     5.527018        1.00000        0.00000    
 kpkpx_ww32     6.457146        1.00000        0.00000    
 kpkpx_ww33     5.513514        1.00000        0.00000    
 kpkpx_ww34     4.809893        1.00000        0.00000    
 kpkpx_ww35     3.895302        1.00000        0.00000    
 kpkpx_ww36     4.182035        1.00000        0.00000    
 kpkpx_ww37     5.119083        1.00000        0.00000    
 kpkpx_ww38     4.623892        1.00000        0.00000    
 kpkpx_ww39     4.915140        1.00000        0.00000    
 kpkpx_ww40     6.943421        1.00000        0.00000    
 kpkpx_ww41     3.994976        1.00000        0.00000    
 kpkpx_ww42     4.531649        1.00000        0.00000    
 kpkpx_ww43     6.204037        1.00000        0.00000    
 kpkpx_ww44     5.159085        1.00000        0.00000    
 kpkpx_ww45     4.762516        1.00000        0.00000    
 kpkpx_ww46     5.290807        1.00000        0.00000    
 kpkpx_ww47     5.183387        1.00000        0.00000    
 kpkpx_ww48     6.028164        1.00000        0.00000    
 kpkpx_ww49     3.944547        1.00000        0.00000    
 kpkpx_ww50     1.702763        1.00000        0.00000    
 kpkpx_ww51    0.2800000        1.00000        0.00000    
 kpkpx_ww52     5.314138        1.00000        0.00000    
 kpkpx_ww53     3.717831        1.00000        0.00000    
 kpkpx_ww54     6.665419        1.00000        0.00000    
 kpkpx_ww55     9.238067        1.00000        0.00000    
 kpkpx_ww56     5.558003        1.00000        0.00000    
 kpkpx_ww57     98.33000        1.00000        0.00000    
 kpkpx_ww58     10.72936        1.00000        0.00000    
 kpkpx_ww59     5.146917        1.00000        0.00000    
 kpkpx_ww60     8.341752        1.00000        0.00000    
 kpkpx_ww61     1.096168        1.00000        0.00000    
 kpkpx_ww62     1.508290        1.00000        0.00000    
 kpkpx_ww63     9.045650        1.00000        0.00000    
 kpkpx_ww64     5.473696        1.00000        0.00000    
 kpkpx_ww65     8.800144        1.00000        0.00000    
 kpkpx_ww66     6.560731        1.00000        0.00000    
 kpkpx_ww67     4.966314        1.00000        0.00000    
 kpkpx_ww68     8.102841        1.00000        0.00000    
 kpkpx_ww69     7.627026        1.00000        0.00000    
 kpkpx_ww70     5.085890        1.00000        0.00000    
 kpkpx_ww71     6.397534        1.00000        0.00000    
 kpkpx_ww72     5.746644        1.00000        0.00000    
 kpkpx_ww73     6.090773        1.00000        0.00000    
 kpkpx_ww74     8.415506        1.00000        0.00000    
 kpkpx_ww75     9.901606        1.00000        0.00000    
 kpkpx_ww76     6.552163        1.00000        0.00000    
 kpkpx_ww77     5.176395        1.00000        0.00000    
 kpkpx_ww78     4.993632        1.00000        0.00000    
 kpkpx_ww79     5.302344        1.00000        0.00000    
 kpkpx_ww80     5.089373        1.00000        0.00000    
 kpkpx_ww81     5.094607        1.00000        0.00000    
 kpkpx_ww82     4.705532        1.00000        0.00000    
 kpkpx_ww83     6.118894        1.00000        0.00000    
 kpkpx_ww84     6.261367        1.00000        0.00000    
 kpkpx_ww85     5.636841        1.00000        0.00000    
 kpkpx_ww86     4.479752        1.00000        0.00000    
 kpkpx_ww87     5.104420        1.00000        0.00000    
 kpkpx_ww88     6.948898        1.00000        0.00000    
 kpkpx_ww89     4.832952        1.00000        0.00000    
 kpkpx_ww90     5.178862        1.00000        0.00000    
 kpkpx_ww91     4.872152        1.00000        0.00000    
 kpkpx_ww92     4.244074        1.00000        0.00000    
 kpkpx_ww93     5.247957        1.00000        0.00000    
 kpkpx_ww94     3.148468        1.00000        0.00000    
 kpkpx_ww95     4.806884        1.00000        0.00000    
 kpkpx_ww96     3.562977        1.00000        0.00000    
 kpkpx_ww97     5.350035        1.00000        0.00000    
 kpkpx_ww98     5.603130        1.00000        0.00000    
 kpkpx_ww99     5.690286        1.00000        0.00000    
 kpkpx_ms1      37.77581        1.00000        0.00000    
 kpkpx_ms2      7.581754        1.00000        0.00000    
 kpkpx_ms3      4.084724        1.00000        0.00000    
 kpkpx_ms4      3.655037        1.00000        0.00000    
 kpkpx_ms5      5.234927        1.00000        0.00000    
 kpkpx_ms6      6.157101        1.00000        0.00000    
 kpkpx_ms7      6.083419        1.00000        0.00000    
 kpkpx_ms8      6.185836        1.00000        0.00000    
 kpkpx_ms9      12.41328        1.00000        0.00000    
 kpkpx_ms10     39.32370        1.00000        0.00000    
 kpkpx_ms11     6.182454        1.00000        0.00000    
 kpkpx_ms12     4.770987        1.00000        0.00000    
 kpkpx_ms13     5.296322        1.00000        0.00000    
 kpkpx_ms14     7.250717        1.00000        0.00000    
 kpkpx_ms15     7.203918        1.00000        0.00000    
 kpkpx_ms16     6.873734        1.00000        0.00000    
 kpkpx_ms17     16.38135        1.00000        0.00000    
 kpkpx_ms18     35.12199        1.00000        0.00000    
 kpkpx_ms19     73.06000        1.00000        0.00000    
 kpkpx_ms20     29.09098        1.00000        0.00000    
 kpkpx_ms21     19.80238        1.00000        0.00000    
 kpkpx_ms22     7.028795        1.00000        0.00000    
 kpkpx_ms23     5.926863        1.00000        0.00000    
 kpkpx_ms24     18.53850        1.00000        0.00000    
 kpkpx_ms25     11.68875        1.00000        0.00000    
 kpkpx_ms26     21.02752        1.00000        0.00000    
 kpkpx_ms27     15.81007        1.00000        0.00000    
 kpkpx_ms28     8.603490        1.00000        0.00000    
 kpkpx_ms29     73.06000        1.00000        0.00000    
 kpkpx_ms30     64.82299        1.00000        0.00000    
 kpkpx_ms31     9.913650        1.00000        0.00000    
 kpkpx_ms32     17.61441        1.00000        0.00000    
 kpkpx_ms33     9.192935        1.00000        0.00000    
 kpkpx_ms34     6.781958        1.00000        0.00000    
 kpkpx_ms35     3.375966        1.00000        0.00000    
 kpkpx_ms36     4.912323        1.00000        0.00000    
 kpkpx_ms37     6.325109        1.00000        0.00000    
 kpkpx_ms38     2.100785        1.00000        0.00000    
 kpkpx_ms39     5.191939        1.00000        0.00000    
 kpkpx_ms40     7.926164        1.00000        0.00000    
 kpkpx_ms41     6.029961        1.00000        0.00000    
 kpkpx_ms42     5.584312        1.00000        0.00000    
 kpkpx_ms43     18.14377        1.00000        0.00000    
 kpkpx_ms44     21.47736        1.00000        0.00000    
 kpkpx_ms45     6.279604        1.00000        0.00000    
 kpkpx_ms46     7.342993        1.00000        0.00000    
 kpkpx_ms47     73.06000        1.00000        0.00000    
 kpkpx_ms48    0.5214188        1.00000        0.00000    
 kpkpx_ms49    0.3200000        1.00000        0.00000    
 kpkpx_ms50     52.63699        1.00000        0.00000    
 kpkpx_ms51     73.06000        1.00000        0.00000    
 kpkpx_ms52     73.06000        1.00000        0.00000    
 kpkpx_ms53     2.882429        1.00000        0.00000    
 kpkpx_ms54     14.40196        1.00000        0.00000    
 kpkpx_ms55     73.06000        1.00000        0.00000    
 kpkpx_ms56     5.719617        1.00000        0.00000    
 kpkpx_ms57     7.221630        1.00000        0.00000    
 kpkpx_ms58     11.31935        1.00000        0.00000    
 kpkpx_ms59     9.620155        1.00000        0.00000    
 kpkpx_ms60     13.47352        1.00000        0.00000    
 kpkpx_ms61     12.07380        1.00000        0.00000    
 kpkpx_ms62     16.46241        1.00000        0.00000    
 kpkpx_ms63     21.68853        1.00000        0.00000    
 kpkpx_ms64     73.06000        1.00000        0.00000    
 kpkpx_ms65     48.81270        1.00000        0.00000    
 kpkpx_ms66     17.15919        1.00000        0.00000    
 kpkpx_ms67     5.532862        1.00000        0.00000    
 kpkpx_ms68     9.990092        1.00000        0.00000    
 kpkpx_ms69     8.942415        1.00000        0.00000    
 kpkpx_ms70     8.241396        1.00000        0.00000    
 kpkpx_ms71     11.98059        1.00000        0.00000    
 kpkpx_ms72     15.38134        1.00000        0.00000    
 kpkpx_ms73     73.06000        1.00000        0.00000    
 kpkpx_ms74     73.06000        1.00000        0.00000    
 kpkpx_ms75     73.06000        1.00000        0.00000    
 kpkpx_ms76     17.46064        1.00000        0.00000    
 kpkpx_ms77     7.312993        1.00000        0.00000    
 kpkpx_ms78     5.884503        1.00000        0.00000    
 kpkpx_ms79     9.665286        1.00000        0.00000    
 kpkpx_ms80     7.767740        1.00000        0.00000    
 kpkpx_ms81     9.820843        1.00000        0.00000    
 kpkpx_ms82     9.064312        1.00000        0.00000    
 kpkpx_ms83     50.14787        1.00000        0.00000    
 kpkpx_ms84     23.71305        1.00000        0.00000    
 kpkpx_ms85     8.988317        1.00000        0.00000    
 kpkpx_ms86     4.845428        1.00000        0.00000    
 kpkpx_ms87     6.972502        1.00000        0.00000    
 kpkpx_ms88     18.08975        1.00000        0.00000    
 kpkpx_ms89     5.949046        1.00000        0.00000    
 kpkpx_ms90     6.493301        1.00000        0.00000    
 kpkpx_ms91     6.695492        1.00000        0.00000    
 kpkpx_ms92     4.941847        1.00000        0.00000    
 kpkpx_ms93     21.34734        1.00000        0.00000    
 kpkpx_ms94     7.617295        1.00000        0.00000    
 kpkpx_ms95     12.62767        1.00000        0.00000    
 kpkpx_ms96     2.836635        1.00000        0.00000    
 kpkpx_ms97     10.25838        1.00000        0.00000    
 kpkpx_ms98     11.49020        1.00000        0.00000    
 kpkpx_ms99     9.747632        1.00000        0.00000    
 kzkpz_tc2     6.0602683E-02    1.00000        0.00000    
 kzkpz_tc3     6.3272914E-02    1.00000        0.00000    
 kzkpz_tc4     6.1783483E-02    1.00000        0.00000    
 kzkpz_tc7     6.0109423E-02    1.00000        0.00000    
 kzkpz_tc8     3.8842669E-02    1.00000        0.00000    
 kzkpz_tc9     6.9527245E-02    1.00000        0.00000    
 kzkpz_tc10    4.5311781E-02    1.00000        0.00000    
 kzkpz_tc11    5.7588263E-02    1.00000        0.00000    
 kzkpz_tc12    5.0578231E-02    1.00000        0.00000    
 kzkpz_tc13    5.3994980E-02    1.00000        0.00000    
 kzkpz_tc14    6.0614611E-02    1.00000        0.00000    
 kzkpz_tc15    4.6442907E-02    1.00000        0.00000    
 kzkpz_tc16    5.0936718E-02    1.00000        0.00000    
 kzkpz_tc17    5.0225069E-02    1.00000        0.00000    
 kzkpz_tc18    4.9764813E-02    1.00000        0.00000    
 kzkpz_tc19    4.0464602E-02    1.00000        0.00000    
 kzkpz_tc20    5.7244830E-02    1.00000        0.00000    
 kzkpz_tc21    0.1296811        1.00000        0.00000    
 kzkpz_tc22    5.4339557E-02    1.00000        0.00000    
 kzkpz_tc23    5.0146477E-02    1.00000        0.00000    
 kzkpz_tc24    6.2532771E-02    1.00000        0.00000    
 kzkpz_tc25    5.8701118E-02    1.00000        0.00000    
 kzkpz_tc27    6.8457807E-02    1.00000        0.00000    
 kzkpz_tc28    7.7534422E-02    1.00000        0.00000    
 kzkpz_tc29    5.1048086E-02    1.00000        0.00000    
 kzkpz_tc30    5.6413640E-02    1.00000        0.00000    
 kzkpz_tc31    5.3219653E-02    1.00000        0.00000    
 kzkpz_tc32    5.1932765E-02    1.00000        0.00000    
 kzkpz_tc33    5.0801701E-02    1.00000        0.00000    
 kzkpz_tc34    4.1690941E-02    1.00000        0.00000    
 kzkpz_tc35    1.5588692E-02    1.00000        0.00000    
 kzkpz_tc36    3.9251234E-02    1.00000        0.00000    
 kzkpz_tc37    4.3610934E-02    1.00000        0.00000    
 kzkpz_tc38    5.0255115E-02    1.00000        0.00000    
 kzkpz_tc39    5.0990240E-02    1.00000        0.00000    
 kzkpz_tc40    5.1358610E-02    1.00000        0.00000    
 kzkpz_tc41    5.1650141E-02    1.00000        0.00000    
 kzkpz_tc42    4.9835942E-02    1.00000        0.00000    
 kzkpz_tc43    4.9732189E-02    1.00000        0.00000    
 kzkpz_tc44    4.7809896E-02    1.00000        0.00000    
 kzkpz_tc45    2.7559017E-02    1.00000        0.00000    
 kzkpz_tc46    4.8677614E-02    1.00000        0.00000    
 kzkpz_tc47    5.0910609E-02    1.00000        0.00000    
 kzkpz_tc48    4.8077986E-02    1.00000        0.00000    
 kzkpz_tc49    4.9794689E-02    1.00000        0.00000    
 kzkpz_tc50    5.8384610E-02    1.00000        0.00000    
 kzkpz_tc52    5.3016871E-02    1.00000        0.00000    
 kzkpz_tc53    5.0661789E-02    1.00000        0.00000    
 kzkpz_tc54    5.3433850E-02    1.00000        0.00000    
 kzkpz_tc55    4.6675106E-02    1.00000        0.00000    
 kzkpz_tc56    4.0993894E-02    1.00000        0.00000    
 kzkpz_tc57    3.7241377E-02    1.00000        0.00000    
 kzkpz_tc58    4.0743725E-02    1.00000        0.00000    
 kzkpz_tc59    4.8261577E-02    1.00000        0.00000    
 kzkpz_ec1     0.1007365        1.00000        0.00000    
 kzkpz_ec2     0.1004380        1.00000        0.00000    
 kzkpz_ec4     0.1005984        1.00000        0.00000    
 kzkpz_ec5     9.9480346E-02    1.00000        0.00000    
 kzkpz_ec7     0.1003284        1.00000        0.00000    
 kzkpz_ec8     0.1006274        1.00000        0.00000    
 kzkpz_ec9     0.1000734        1.00000        0.00000    
 kzkpz_ec10    0.1008517        1.00000        0.00000    
 kzkpz_ec11    9.9905309E-02    1.00000        0.00000    
 kzkpz_ec13    0.1000464        1.00000        0.00000    
 kzkpz_ec14    9.9998634E-02    1.00000        0.00000    
 kzkpz_ec15    0.1016609        1.00000        0.00000    
 kzkpz_ec16    0.1004638        1.00000        0.00000    
 kzkpz_ec17    0.1004179        1.00000        0.00000    
 kzkpz_ec18    0.1000236        1.00000        0.00000    
 kzkpz_ww1     0.1055421        1.00000        0.00000    
 kzkpz_ww2     0.1040406        1.00000        0.00000    
 kzkpz_ww3     0.1004741        1.00000        0.00000    
 kzkpz_ww4     9.9561031E-02    1.00000        0.00000    
 kzkpz_ww5     0.1000099        1.00000        0.00000    
 kzkpz_ww6     0.1002250        1.00000        0.00000    
 kzkpz_ww7     0.1004436        1.00000        0.00000    
 kzkpz_ww8     0.1003403        1.00000        0.00000    
 kzkpz_ww9     0.1013583        1.00000        0.00000    
 kzkpz_ww10    0.1018431        1.00000        0.00000    
 kzkpz_ww11    0.1017933        1.00000        0.00000    
 kzkpz_ww12    8.6176565E-02    1.00000        0.00000    
 kzkpz_ww13    9.7313695E-02    1.00000        0.00000    
 kzkpz_ww14    0.1004395        1.00000        0.00000    
 kzkpz_ww15    0.1010246        1.00000        0.00000    
 kzkpz_ww16    0.1018753        1.00000        0.00000    
 kzkpz_ww17    0.1029945        1.00000        0.00000    
 kzkpz_ww18    0.1114454        1.00000        0.00000    
 kzkpz_ww19    0.1036572        1.00000        0.00000    
 kzkpz_ww20    0.1011345        1.00000        0.00000    
 kzkpz_ww21    0.1070059        1.00000        0.00000    
 kzkpz_ww22    0.1013109        1.00000        0.00000    
 kzkpz_ww23    9.4123583E-02    1.00000        0.00000    
 kzkpz_ww24    9.6193884E-02    1.00000        0.00000    
 kzkpz_ww25    9.7174064E-02    1.00000        0.00000    
 kzkpz_ww26    0.1041548        1.00000        0.00000    
 kzkpz_ww27    0.1024302        1.00000        0.00000    
 kzkpz_ww28    0.1046122        1.00000        0.00000    
 kzkpz_ww29    0.1032103        1.00000        0.00000    
 kzkpz_ww30    0.1008793        1.00000        0.00000    
 kzkpz_ww31    0.1003768        1.00000        0.00000    
 kzkpz_ww32    0.1008207        1.00000        0.00000    
 kzkpz_ww33    0.1003876        1.00000        0.00000    
 kzkpz_ww34    9.9283294E-02    1.00000        0.00000    
 kzkpz_ww35    9.6530784E-02    1.00000        0.00000    
 kzkpz_ww36    9.7915958E-02    1.00000        0.00000    
 kzkpz_ww37    0.1009075        1.00000        0.00000    
 kzkpz_ww38    9.8521257E-02    1.00000        0.00000    
 kzkpz_ww39    9.7192438E-02    1.00000        0.00000    
 kzkpz_ww40    9.7067116E-02    1.00000        0.00000    
 kzkpz_ww41    9.8626629E-02    1.00000        0.00000    
 kzkpz_ww42    9.7628560E-02    1.00000        0.00000    
 kzkpz_ww43    9.9427352E-02    1.00000        0.00000    
 kzkpz_ww44    0.1006119        1.00000        0.00000    
 kzkpz_ww45    0.1002650        1.00000        0.00000    
 kzkpz_ww46    0.1014813        1.00000        0.00000    
 kzkpz_ww47    0.1001787        1.00000        0.00000    
 kzkpz_ww48    9.6329725E-02    1.00000        0.00000    
 kzkpz_ww49    8.9857897E-02    1.00000        0.00000    
 kzkpz_ww50    8.2275167E-02    1.00000        0.00000    
 kzkpz_ww51    6.1236420E-02    1.00000        0.00000    
 kzkpz_ww52    8.8823498E-02    1.00000        0.00000    
 kzkpz_ww53    0.1000600        1.00000        0.00000    
 kzkpz_ww54    0.1012033        1.00000        0.00000    
 kzkpz_ww55    0.1032498        1.00000        0.00000    
 kzkpz_ww56    9.9584039E-02    1.00000        0.00000    
 kzkpz_ww57    0.1001441        1.00000        0.00000    
 kzkpz_ww58    0.1001521        1.00000        0.00000    
 kzkpz_ww59    9.5512400E-02    1.00000        0.00000    
 kzkpz_ww60    9.6604900E-02    1.00000        0.00000    
 kzkpz_ww61    0.1053217        1.00000        0.00000    
 kzkpz_ww62    6.6594192E-02    1.00000        0.00000    
 kzkpz_ww63    9.6034807E-02    1.00000        0.00000    
 kzkpz_ww64    9.3190178E-02    1.00000        0.00000    
 kzkpz_ww65    0.1031746        1.00000        0.00000    
 kzkpz_ww66    0.1011785        1.00000        0.00000    
 kzkpz_ww67    0.1001316        1.00000        0.00000    
 kzkpz_ww68    0.1056933        1.00000        0.00000    
 kzkpz_ww69    0.1021352        1.00000        0.00000    
 kzkpz_ww70    9.8731374E-02    1.00000        0.00000    
 kzkpz_ww71    8.7486478E-02    1.00000        0.00000    
 kzkpz_ww72    7.1108400E-02    1.00000        0.00000    
 kzkpz_ww73    9.4434760E-02    1.00000        0.00000    
 kzkpz_ww74    0.1006656        1.00000        0.00000    
 kzkpz_ww75    0.1012541        1.00000        0.00000    
 kzkpz_ww76    0.1010729        1.00000        0.00000    
 kzkpz_ww77    0.1002190        1.00000        0.00000    
 kzkpz_ww78    0.1002107        1.00000        0.00000    
 kzkpz_ww79    0.1016392        1.00000        0.00000    
 kzkpz_ww80    0.1015179        1.00000        0.00000    
 kzkpz_ww81    9.8667557E-02    1.00000        0.00000    
 kzkpz_ww82    9.8899023E-02    1.00000        0.00000    
 kzkpz_ww83    7.7149034E-02    1.00000        0.00000    
 kzkpz_ww84    0.1001010        1.00000        0.00000    
 kzkpz_ww85    9.9453969E-02    1.00000        0.00000    
 kzkpz_ww86    9.9514729E-02    1.00000        0.00000    
 kzkpz_ww87    0.1001009        1.00000        0.00000    
 kzkpz_ww88    0.1022838        1.00000        0.00000    
 kzkpz_ww89    9.9969389E-02    1.00000        0.00000    
 kzkpz_ww90    0.1033265        1.00000        0.00000    
 kzkpz_ww91    0.1008896        1.00000        0.00000    
 kzkpz_ww92    9.9043187E-02    1.00000        0.00000    
 kzkpz_ww93    9.9321518E-02    1.00000        0.00000    
 kzkpz_ww94    9.5054667E-02    1.00000        0.00000    
 kzkpz_ww95    9.5217743E-02    1.00000        0.00000    
 kzkpz_ww96    9.6395965E-02    1.00000        0.00000    
 kzkpz_ww97    9.5626158E-02    1.00000        0.00000    
 kzkpz_ww98    9.8893515E-02    1.00000        0.00000    
 kzkpz_ww99    0.1006717        1.00000        0.00000    
 kzkpz_ms1     0.1057648        1.00000        0.00000    
 kzkpz_ms2     0.1029804        1.00000        0.00000    
 kzkpz_ms3     9.9938801E-02    1.00000        0.00000    
 kzkpz_ms4     9.9505237E-02    1.00000        0.00000    
 kzkpz_ms5     0.1000037        1.00000        0.00000    
 kzkpz_ms6     9.9920160E-02    1.00000        0.00000    
 kzkpz_ms7     0.1001186        1.00000        0.00000    
 kzkpz_ms8     0.1003015        1.00000        0.00000    
 kzkpz_ms9     0.1007763        1.00000        0.00000    
 kzkpz_ms10    0.1016058        1.00000        0.00000    
 kzkpz_ms11    0.1016079        1.00000        0.00000    
 kzkpz_ms12    7.9616689E-02    1.00000        0.00000    
 kzkpz_ms13    9.0098833E-02    1.00000        0.00000    
 kzkpz_ms14    0.1005233        1.00000        0.00000    
 kzkpz_ms15    0.1013163        1.00000        0.00000    
 kzkpz_ms16    0.1011181        1.00000        0.00000    
 kzkpz_ms17    0.1024348        1.00000        0.00000    
 kzkpz_ms18    0.1040316        1.00000        0.00000    
 kzkpz_ms19    0.1034383        1.00000        0.00000    
 kzkpz_ms20    0.1010851        1.00000        0.00000    
 kzkpz_ms21    0.1078073        1.00000        0.00000    
 kzkpz_ms22    0.1011370        1.00000        0.00000    
 kzkpz_ms23    8.8318222E-02    1.00000        0.00000    
 kzkpz_ms24    8.5827249E-02    1.00000        0.00000    
 kzkpz_ms25    9.7190419E-02    1.00000        0.00000    
 kzkpz_ms26    0.1049719        1.00000        0.00000    
 kzkpz_ms27    0.1033095        1.00000        0.00000    
 kzkpz_ms28    0.1034140        1.00000        0.00000    
 kzkpz_ms29    0.1017618        1.00000        0.00000    
 kzkpz_ms30    0.1022453        1.00000        0.00000    
 kzkpz_ms31    0.1009825        1.00000        0.00000    
 kzkpz_ms32    0.1019182        1.00000        0.00000    
 kzkpz_ms33    0.1006404        1.00000        0.00000    
 kzkpz_ms34    9.9511410E-02    1.00000        0.00000    
 kzkpz_ms35    9.5817634E-02    1.00000        0.00000    
 kzkpz_ms36    9.7875158E-02    1.00000        0.00000    
 kzkpz_ms37    0.1014116        1.00000        0.00000    
 kzkpz_ms38    9.8576312E-02    1.00000        0.00000    
 kzkpz_ms39    9.9311524E-02    1.00000        0.00000    
 kzkpz_ms40    9.8264076E-02    1.00000        0.00000    
 kzkpz_ms41    9.6737912E-02    1.00000        0.00000    
 kzkpz_ms42    9.6478540E-02    1.00000        0.00000    
 kzkpz_ms43    9.9539890E-02    1.00000        0.00000    
 kzkpz_ms44    9.5627282E-02    1.00000        0.00000    
 kzkpz_ms45    9.9967450E-02    1.00000        0.00000    
 kzkpz_ms46    0.1030155        1.00000        0.00000    
 kzkpz_ms47    0.1011368        1.00000        0.00000    
 kzkpz_ms48    9.7790589E-02    1.00000        0.00000    
 kzkpz_ms49    9.5144831E-02    1.00000        0.00000    
 kzkpz_ms50    9.4897301E-02    1.00000        0.00000    
 kzkpz_ms51    6.7305499E-02    1.00000        0.00000    
 kzkpz_ms52    9.0287261E-02    1.00000        0.00000    
 kzkpz_ms53    0.1000665        1.00000        0.00000    
 kzkpz_ms54    0.1008628        1.00000        0.00000    
 kzkpz_ms55    0.1041710        1.00000        0.00000    
 kzkpz_ms56    9.9664500E-02    1.00000        0.00000    
 kzkpz_ms57    0.1001505        1.00000        0.00000    
 kzkpz_ms58    0.1007159        1.00000        0.00000    
 kzkpz_ms59    9.9498265E-02    1.00000        0.00000    
 kzkpz_ms60    9.7620608E-02    1.00000        0.00000    
 kzkpz_ms61    0.1004976        1.00000        0.00000    
 kzkpz_ms62    5.0022727E-02    1.00000        0.00000    
 kzkpz_ms63    9.6897987E-02    1.00000        0.00000    
 kzkpz_ms64    9.1102509E-02    1.00000        0.00000    
 kzkpz_ms65    0.1027531        1.00000        0.00000    
 kzkpz_ms66    0.1016561        1.00000        0.00000    
 kzkpz_ms67    9.9815492E-02    1.00000        0.00000    
 kzkpz_ms68    0.1012579        1.00000        0.00000    
 kzkpz_ms69    0.1012358        1.00000        0.00000    
 kzkpz_ms70    9.9991314E-02    1.00000        0.00000    
 kzkpz_ms71    9.7666697E-02    1.00000        0.00000    
 kzkpz_ms72    0.1038720        1.00000        0.00000    
 kzkpz_ms73    0.1008139        1.00000        0.00000    
 kzkpz_ms74    0.1027170        1.00000        0.00000    
 kzkpz_ms75    0.1012648        1.00000        0.00000    
 kzkpz_ms76    0.1005492        1.00000        0.00000    
 kzkpz_ms77    0.1003187        1.00000        0.00000    
 kzkpz_ms78    0.1002043        1.00000        0.00000    
 kzkpz_ms79    9.4223008E-02    1.00000        0.00000    
 kzkpz_ms80    9.9141516E-02    1.00000        0.00000    
 kzkpz_ms81    9.8417587E-02    1.00000        0.00000    
 kzkpz_ms82    9.7852426E-02    1.00000        0.00000    
 kzkpz_ms83    9.0104052E-02    1.00000        0.00000    
 kzkpz_ms84    9.7928590E-02    1.00000        0.00000    
 kzkpz_ms85    9.9561308E-02    1.00000        0.00000    
 kzkpz_ms86    9.9566060E-02    1.00000        0.00000    
 kzkpz_ms87    0.1002911        1.00000        0.00000    
 kzkpz_ms88    0.1020376        1.00000        0.00000    
 kzkpz_ms89    0.1000391        1.00000        0.00000    
 kzkpz_ms90    0.1019884        1.00000        0.00000    
 kzkpz_ms91    9.9864337E-02    1.00000        0.00000    
 kzkpz_ms92    9.7329511E-02    1.00000        0.00000    
 kzkpz_ms93    9.5617834E-02    1.00000        0.00000    
 kzkpz_ms94    8.7664731E-02    1.00000        0.00000    
 kzkpz_ms95    9.5420961E-02    1.00000        0.00000    
 kzkpz_ms96    9.5461919E-02    1.00000        0.00000    
 kzkpz_ms97    9.6403713E-02    1.00000        0.00000    
 kzkpz_ms98    9.9731360E-02    1.00000        0.00000    
 kzkpz_ms99    0.1005160        1.00000        0.00000    
 kh_c           30.88733        1.00000        0.00000    
 kh_f           28.14841        1.00000        0.00000    
 kh_ghh         30.13270        1.00000        0.00000    
 kh_ghr         29.78094        1.00000        0.00000    
 kh_ghs         30.59563        1.00000        0.00000    
 kh_l           29.02482        1.00000        0.00000    
 kh_lo          30.22240        1.00000        0.00000    
 kh_lw          29.05516        1.00000        0.00000    
 kh_oh          30.53880        1.00000        0.00000    
 kh_p           30.66749        1.00000        0.00000    
 kh_po          30.17152        1.00000        0.00000    
 kh_ps          31.09260        1.00000        0.00000    
 kh_pw          29.77523        1.00000        0.00000    
 kh_r           29.54400        1.00000        0.00000    
 kh_s           30.69615        1.00000        0.00000    
 kh_sc          30.33125        1.00000        0.00000    
 kh_sd          30.59239        1.00000        0.00000    
 kh_sn          29.31356        1.00000        0.00000    
 kh_su          30.00756        1.00000        0.00000    
 kh_w           30.38808        1.00000        0.00000    
 kh_wat         29.71518        1.00000        0.00000    
 kh_ca2         30.32866        1.00000        0.00000    
 kh_hp          31.35268        1.00000        0.00000    
 kh_ca          30.11893        1.00000        0.00000    
 kh_cr          36.79155        1.00000        0.00000    
 kh_gg          32.24970        1.00000        0.00000    
 kh_lca         30.69331        1.00000        0.00000    
 kv_c          9.9945949E-02    1.00000        0.00000    
 kv_f          9.9958731E-02    1.00000        0.00000    
 kv_ghh        9.9893081E-02    1.00000        0.00000    
 kv_ghr        0.1000690        1.00000        0.00000    
 kv_ghs        9.9520848E-02    1.00000        0.00000    
 kv_l          9.9933343E-02    1.00000        0.00000    
 kv_lo         0.1000292        1.00000        0.00000    
 kv_lw         9.9952406E-02    1.00000        0.00000    
 kv_oh         9.9975551E-02    1.00000        0.00000    
 kv_p          9.9644258E-02    1.00000        0.00000    
 kv_po         0.1005088        1.00000        0.00000    
 kv_ps         9.9143261E-02    1.00000        0.00000    
 kv_pw         9.9468261E-02    1.00000        0.00000    
 kv_r          9.9382979E-02    1.00000        0.00000    
 kv_s          9.9957473E-02    1.00000        0.00000    
 kv_sc         9.9475952E-02    1.00000        0.00000    
 kv_sd         9.9950141E-02    1.00000        0.00000    
 kv_sn         9.9921192E-02    1.00000        0.00000    
 kv_su         9.9397067E-02    1.00000        0.00000    
 kv_w          0.1001920        1.00000        0.00000    
 kv_wat        0.1002962        1.00000        0.00000    
 kv_ca2        9.9580911E-02    1.00000        0.00000    
 kv_hp         0.1007076        1.00000        0.00000    
 kv_ca         9.9521873E-02    1.00000        0.00000    
 kv_cr         0.1000651        1.00000        0.00000    
 kv_gg         9.9991251E-02    1.00000        0.00000    
 kv_lca        0.1004167        1.00000        0.00000    
 r_col         0.9999287        1.00000        0.00000    
 r_ca          0.9999998        1.00000        0.00000    
 r_hp          0.9999869        1.00000        0.00000    
 r_ca2         0.9999594        1.00000        0.00000    
 r_cr          0.9999241        1.00000        0.00000    
 r_gg           1.000004        1.00000        0.00000    
 r_lc           1.000070        1.00000        0.00000    
 sfrc           15.80980        1.00000        0.00000    
 wr_drnc        1.002323        1.00000        0.00000    
